100 100
0 0 242971106 0 0 0 0 0 0 0 0 0 0 0 0 0 0 32858224 0 0 242971106 0 0 0 0 0 0 0 0 0 0 0 0 0 0 0 0 0 0 0 0 0 0 0 0 0 0 0 0 0 0 0 0 935885617 0 0 0 0 0 0 0 0 0 0 0 991864743 0 0 0 0 0 32858224 0 32858224 0 0 0 0 0 0 0 462851499 0 951572175 0 0 0 0 0 0 0 0 0 0 0 0 0 0 0 0
242971106 0 0 0 0 0 0 0 0 0 0 0 462851499 0 0 0 0 0 0 0 951572175 0 0 0 0 0 0 0 0 0 0 0 0 0 0 0 0 0 810534198 0 0 0 0 0 0 0 0 0 0 0 0 0 970627197 0 0 0 0 0 0 0 0 951572175 0 0 32858224 0 935885617 0 991864743 0 0 0 0 478268013 0 0 0 0 0 0 0 0 0 0 0 0 0 0 0 0 0 844382768 0 0 0 0 478268013 0 0 0
0 0 0 0 0 0 0 0 0 0 0 0 0 0 0 0 0 0 0 0 0 0 951572175 0 0 0 951572175 32858224 0 0 0 0 0 0 0 462851499 0 0 0 951572175 0 0 0 0 0 0 0 0 0 0 0 0 0 0 0 0 0 0 0 0 0 0 0 0 0 0 0 0 0 0 0 0 0 462851499 0 0 0 0 0 0 0 0 0 0 32858224 0 0 0 0 0 0 0 0 0 0 0 0 0 0 478268013
0 0 0 0 0 0 0 0 0 0 0 0 478268013 0 0 0 0 0 0 0 0 0 0 0 0 0 0 0 0 935885617 0 0 0 0 0 0 242971106 32858224 0 0 0 0 0 0 0 0 0 0 0 0 0 0 0 242971106 0 0 0 0 32858224 0 0 0 0 0 0 0 0 970627197 991864743 0 0 0 0 0 0 0 0 0 0 32858224 0 0 0 844382768 0 0 0 0 0 0 0 0 0 0 0 0 0 0 478268013 0
0 0 0 0 0 0 0 0 0 0 0 0 0 0 0 0 0 0 0 0 0 0 0 0 0 0 0 0 0 0 0 0 0 0 0 0 0 0 0 0 0 0 0 0 0 32858224 970627197 0 951572175 0 0 0 0 810534198 0 0 0 0 0 0 0 0 0 0 0 0 0 0 0 0 0 0 0 0 0 991864743 0 0 0 0 0 0 0 0 0 0 0 0 0 0 0 0 0 0 0 0 0 810534198 0 0
0 0 0 0 0 0 0 0 0 0 0 0 0 0 0 242971106 0 0 970627197 0 0 242971106 844382768 0 0 0 0 0 991864743 0 0 0 32858224 0 0 0 0 0 0 0 0 0 0 0 0 0 0 844382768 0 0 935885617 0 0 0 0 462851499 0 991864743 0 0 0 0 0 0 810534198 0 0 0 0 0 0 0 0 0 0 951572175 0 0 0 0 0 0 0 0 0 0 0 0 0 0 0 0 0 0 0 0 0 0 462851499 0
0 0 0 0 0 0 32858224 0 0 0 0 0 0 0 970627197 32858224 0 0 0 0 0 0 0 0 0 0 0 0 951572175 0 0 0 0 478268013 0 478268013 0 0 0 0 0 0 0 0 0 0 0 0 0 0 0 0 242971106 0 0 951572175 0 935885617 0 810534198 0 844382768 0 0 0 0 0 0 0 0 0 242971106 0 0 0 0 0 0 0 0 0 0 0 0 0 0 0 0 0 0 0 0 0 0 0 0 0 0 0 0
0 0 0 0 0 844382768 0 0 0 0 0 0 0 0 0 0 0 0 0 991864743 0 0 0 462851499 0 0 951572175 0 0 0 0 0 0 0 0 0 0 0 0 0 0 0 0 0 0 0 0 0 0 0 0 0 0 0 0 0 0 0 0 0 0 0 0 0 0 0 0 0 0 242971106 0 0 0 0 0 0 0 0 0 0 0 0 0 0 0 0 0 0 0 0 810534198 0 0 0 0 0 0 970627197 0 462851499
0 0 0 0 0 0 0 0 0 0 0 0 0 0 0 0 0 951572175 0 0 0 0 0 0 0 0 0 0 0 0 951572175 0 0 0 0 0 0 0 0 0 0 0 0 0 0 0 0 0 0 0 0 0 0 0 935885617 0 0 0 0 242971106 0 0 991864743 0 0 951572175 0 0 0 0 0 0 478268013 810534198 0 0 0 0 991864743 0 0 0 0 0 0 0 462851499 0 0 0 0 0 0 0 951572175 0 0 0 0 0
0 0 0 0 0 0 0 0 0 0 0 0 0 0 478268013 0 0 0 0 0 478268013 0 0 0 0 970627197 0 0 0 0 0 0 0 0 0 0 0 0 0 0 462851499 0 0 0 0 0 0 0 0 0 0 0 0 0 0 0 0 0 0 462851499 0 0 935885617 0 0 0 0 0 0 478268013 478268013 0 970627197 991864743 0 0 0 0 0 0 0 0 0 0 0 0 0 0 0 0 0 0 0 0 478268013 0 0 0 242971106 0
0 0 0 0 32858224 0 991864743 0 0 0 0 0 0 0 0 0 0 991864743 0 0 991864743 0 0 0 0 0 0 0 0 0 970627197 0 0 0 0 0 0 0 0 0 0 0 0 0 991864743 478268013 0 0 0 0 0 0 0 0 0 0 0 0 0 0 0 0 0 0 0 0 0 0 0 0 0 0 0 0 0 0 0 0 935885617 0 0 0 0 0 0 0 0 0 0 462851499 0 0 0 0 0 0 0 0 0 0
0 0 0 0 0 242971106 0 0 0 0 0 0 0 0 0 0 0 0 935885617 0 991864743 0 0 0 0 0 951572175 951572175 0 478268013 0 0 0 0 0 0 0 462851499 0 0 0 462851499 0 0 0 0 0 0 970627197 0 0 0 0 0 0 0 0 0 0 0 0 0 0 0 242971106 0 0 0 0 0 0 0 0 0 0 0 0 0 0 0 0 0 0 0 0 0 0 0 0 0 0 0 0 0 0 0 0 0 0 0
0 0 478268013 0 0 0 0 0 478268013 0 0 0 0 991864743 0 0 0 0 0 810534198 478268013 0 0 0 0 0 32858224 0 0 0 951572175 0 0 0 0 0 0 810534198 0 0 0 0 810534198 0 0 0 0 0 935885617 0 810534198 0 0 0 0 0 0 0 0 0 0 0 0 0 0 951572175 0 0 0 0 0 0 0 0 0 0 0 0 0 0 0 0 0 0 0 0 0 0 0 0 0 0 0 0 0 0 0 0 0 0
0 0 0 0 0 0 0 0 0 0 0 0 0 0 0 0 0 0 0 0 0 0 462851499 0 0 0 951572175 0 0 242971106 0 0 951572175 0 0 0 0 0 0 0 0 0 0 0 0 0 0 0 462851499 0 0 0 0 0 0 0 0 0 0 0 0 0 0 0 0 0 0 0 0 0 0 0 0 0 0 0 32858224 0 0 0 0 0 0 0 0 0 0 0 0 0 0 0 0 0 0 0 0 0 0 0
810534198 0 844382768 0 242971106 0 0 0 0 0 0 0 0 0 0 0 0 0 0 0 0 0 0 0 0 0 0 0 0 0 0 0 0 970627197 0 0 0 0 0 0 0 844382768 0 0 0 0 242971106 0 0 0 0 0 0 0 0 0 991864743 0 0 0 0 0 0 0 0 0 0 0 0 0 0 0 0 0 0 0 0 0 0 0 0 0 0 0 0 0 0 478268013 0 0 0 0 0 0 0 0 0 0 0 0
0 935885617 0 0 0 0 0 0 0 0 0 0 935885617 935885617 0 0 478268013 242971106 0 0 0 478268013 0 0 0 0 478268013 810534198 0 0 0 0 0 0 0 0 0 0 0 0 0 0 0 0 0 0 0 0 0 0 0 0 0 0 0 0 0 0 935885617 0 0 0 0 0 0 0 0 0 0 0 0 0 242971106 0 0 951572175 0 0 0 0 0 0 0 0 0 0 0 844382768 0 0 0 0 0 0 991864743 0 0 32858224 0 0
0 0 0 0 0 0 0 991864743 0 951572175 0 0 0 0 0 0 0 0 0 0 0 0 242971106 0 0 0 0 0 970627197 0 935885617 935885617 0 0 0 0 0 0 0 0 0 0 0 0 0 0 0 242971106 0 0 0 0 0 0 0 0 0 0 0 0 0 0 0 0 0 0 0 0 0 0 0 0 0 0 0 0 0 0 0 0 0 0 0 0 0 0 0 951572175 0 0 0 970627197 0 0 0 0 0 0 0 0
0 0 0 0 935885617 0 0 0 0 0 478268013 0 0 0 0 0 0 0 0 0 0 0 0 0 0 0 0 0 0 0 0 0 0 0 0 0 0 0 0 0 0 0 0 0 0 991864743 0 0 0 0 810534198 0 0 0 0 0 951572175 0 0 0 0 0 0 0 0 0 0 0 0 0 0 0 0 0 0 0 0 0 0 0 0 0 0 0 0 0 0 0 0 0 0 0 0 0 951572175 0 0 0 32858224 0
0 0 0 0 0 0 0 0 0 0 0 0 0 0 0 0 0 0 0 0 0 462851499 0 0 0 0 0 0 0 0 0 0 0 0 0 0 0 0 0 0 0 0 0 0 0 0 0 0 0 0 0 0 0 0 0 0 0 0 0 0 0 0 0 0 0 0 0 0 0 0 0 0 0 0 0 0 0 0 0 0 0 0 0 0 951572175 0 844382768 0 0 242971106 0 0 0 0 0 0 0 0 0 0
0 0 0 0 0 0 0 32858224 242971106 0 0 0 0 0 0 844382768 0 0 0 0 0 0 0 0 0 0 0 0 0 0 0 0 0 0 0 0 935885617 0 951572175 0 0 0 0 0 0 0 935885617 0 0 0 0 0 0 0 0 0 0 0 0 0 0 0 0 0 0 0 0 0 0 0 0 0 0 935885617 0 0 810534198 0 0 0 0 0 0 0 0 32858224 0 0 0 0 0 0 0 0 0 0 0 0 0 0
0 0 0 0 0 0 0 935885617 0 478268013 0 0 0 0 0 0 0 0 0 0 0 0 935885617 0 462851499 0 0 0 810534198 0 0 0 0 0 0 0 991864743 0 0 0 0 0 991864743 0 0 0 0 0 0 0 0 0 0 0 991864743 0 0 0 0 242971106 0 0 0 0 0 0 0 0 0 0 0 970627197 0 0 478268013 0 0 0 0 0 0 0 0 0 0 0 0 0 0 0 0 0 0 0 0 0 0 0 0 0
0 0 0 242971106 0 0 0 0 0 0 0 0 0 0 0 0 0 0 0 462851499 0 0 0 0 0 0 0 0 0 0 0 0 462851499 0 0 0 0 0 0 0 0 0 32858224 0 0 0 462851499 0 0 0 0 478268013 0 0 0 0 0 0 0 0 970627197 0 0 0 0 0 0 991864743 0 0 0 0 0 0 0 0 0 0 32858224 0 0 0 0 0 0 0 0 0 0 0 0 0 0 0 0 0 0 0 0 0
0 0 0 0 0 0 0 0 0 0 0 951572175 0 0 0 0 0 0 0 0 0 0 0 0 0 0 0 0 478268013 0 0 0 0 0 0 0 0 970627197 0 0 0 0 0 0 970627197 478268013 991864743 0 0 844382768 0 0 0 0 0 0 0 0 0 0 0 0 0 0 0 0 0 0 0 0 0 0 0 462851499 0 0 0 970627197 0 0 0 0 0 0 0 0 0 0 0 0 0 0 0 0 0 0 0 0 0 0
32858224 0 0 991864743 810534198 0 0 0 0 0 0 0 0 0 0 0 0 0 0 0 0 0 0 0 0 0 0 0 462851499 0 0 0 0 0 970627197 0 0 0 935885617 0 0 0 0 0 951572175 0 0 0 0 0 0 242971106 0 0 0 0 0 0 0 0 0 0 0 844382768 0 0 0 0 0 0 0 0 0 844382768 0 0 0 0 0 0 0 0 0 0 0 0 0 0 0 0 0 0 462851499 242971106 0 0 0 0 0 0
0 0 0 0 462851499 0 0 0 0 0 0 0 0 0 0 0 991864743 242971106 478268013 991864743 0 0 0 0 0 844382768 0 0 0 0 0 0 0 0 0 0 0 0 0 32858224 0 0 0 0 0 0 0 0 0 0 0 0 0 0 0 991864743 462851499 0 0 0 0 0 0 810534198 0 991864743 0 0 0 0 0 0 0 0 0 0 242971106 478268013 0 0 0 0 0 0 0 0 0 0 0 0 0 0 0 0 0 0 0 0 0 0
0 0 0 0 0 0 0 0 0 0 0 0 0 0 0 0 0 0 970627197 0 0 0 0 0 0 0 0 0 0 0 0 0 0 0 0 0 0 242971106 0 0 0 0 0 0 0 0 0 0 0 0 0 0 0 0 0 0 844382768 0 0 0 0 0 0 0 0 0 0 0 0 0 0 0 0 0 0 0 0 0 0 0 0 0 0 0 0 0 0 0 0 0 0 0 0 0 0 0 0 0 0 0
0 991864743 0 0 0 0 242971106 0 0 810534198 478268013 0 0 0 0 0 0 0 0 0 0 0 0 0 0 0 0 0 0 0 0 0 0 0 0 0 0 0 810534198 0 0 0 0 0 0 0 0 0 0 0 0 0 0 0 0 0 0 0 0 0 0 0 0 844382768 0 0 844382768 0 0 0 0 0 0 0 0 0 0 0 0 0 0 0 0 0 0 0 0 0 0 0 0 242971106 0 0 0 0 0 0 0 0
0 0 0 0 0 810534198 0 0 0 844382768 0 0 0 991864743 0 0 0 0 0 462851499 0 0 0 0 242971106 0 0 0 0 810534198 0 0 0 0 0 0 0 0 0 0 0 0 0 0 32858224 0 0 0 0 0 0 0 0 0 0 0 0 0 0 0 0 0 0 0 0 951572175 0 0 0 0 0 0 0 0 0 0 0 0 0 0 0 0 0 0 0 0 0 0 0 0 0 0 0 0 0 0 0 0 0 0
0 0 0 0 0 0 0 0 810534198 0 0 0 0 0 0 0 0 0 0 0 0 0 0 935885617 810534198 0 0 0 0 0 0 0 0 0 0 0 0 935885617 0 0 0 0 0 0 0 0 0 0 0 0 0 0 0 0 0 0 0 0 844382768 0 0 478268013 0 0 0 935885617 0 0 0 0 0 0 0 0 0 0 0 0 0 0 0 478268013 0 0 0 0 0 0 0 0 32858224 0 0 0 0 0 0 0 242971106 935885617
0 844382768 0 0 0 0 0 0 0 0 0 0 0 0 991864743 951572175 0 0 0 0 0 0 0 0 0 810534198 0 0 0 0 0 0 0 0 0 0 0 0 0 0 0 462851499 0 0 0 0 0 0 0 0 0 0 0 0 0 0 462851499 991864743 0 0 0 0 0 0 0 0 0 242971106 0 0 0 0 0 0 0 0 0 0 0 0 951572175 935885617 935885617 0 0 0 0 0 32858224 0 0 0 0 0 0 0 0 0 0 0
0 0 0 0 0 0 0 0 0 0 0 0 0 0 0 0 0 0 0 0 0 0 0 0 951572175 0 0 0 0 0 0 0 0 0 0 0 970627197 0 0 991864743 0 0 0 0 0 0 0 0 0 0 935885617 0 478268013 0 0 0 0 0 0 0 0 0 0 0 462851499 0 0 0 0 0 0 478268013 0 0 0 0 0 0 0 0 0 0 970627197 0 0 0 0 0 0 0 951572175 0 0 0 0 0 0 0 0 810534198
0 0 0 0 0 0 0 951572175 0 32858224 0 0 0 0 0 0 0 0 0 0 0 0 0 0 0 0 0 0 0 0 0 0 0 0 0 0 0 0 0 0 0 0 0 0 0 0 0 0 0 0 0 0 0 0 0 0 0 0 242971106 0 844382768 0 935885617 0 0 0 462851499 0 0 0 0 0 0 478268013 0 0 0 0 0 0 0 0 0 0 0 0 0 0 0 0 0 0 0 0 0 0 0 0 0 0
0 0 0 0 0 0 0 478268013 0 0 0 0 0 0 0 0 0 0 0 0 0 462851499 0 0 0 0 0 0 0 0 0 810534198 0 0 0 0 0 0 0 991864743 0 0 844382768 0 0 0 0 0 0 0 0 242971106 0 0 0 935885617 0 0 0 0 0 0 0 0 0 0 0 0 0 0 0 0 0 0 0 0 0 0 0 0 0 0 0 0 0 844382768 0 0 0 0 0 0 0 0 0 0 0 0 0 0
0 0 0 0 0 0 0 0 0 0 0 0 0 991864743 0 0 0 935885617 0 0 0 0 0 0 0 0 462851499 0 935885617 0 0 0 0 0 462851499 0 951572175 0 0 0 0 0 0 0 0 0 0 0 0 0 0 0 0 0 0 0 0 0 0 935885617 844382768 810534198 0 0 0 0 844382768 0 0 0 0 844382768 0 0 0 935885617 0 0 0 844382768 0 0 0 0 0 0 0 0 0 0 0 0 0 0 0 0 0 242971106 0 0
0 0 0 0 0 0 0 0 0 0 0 0 0 0 0 0 0 0 0 0 0 844382768 0 0 0 0 0 0 0 0 970627197 0 810534198 0 0 0 0 0 0 0 0 0 0 0 0 0 0 0 935885617 0 0 0 0 0 0 0 0 0 951572175 0 0 0 0 0 0 0 0 0 0 0 935885617 935885617 0 0 462851499 0 462851499 0 0 0 0 0 0 0 0 0 0 0 478268013 0 0 0 478268013 0 0 0 0 0 0 0
0 0 32858224 0 0 0 0 0 0 0 0 0 0 0 0 0 0 0 0 0 991864743 0 0 0 991864743 0 991864743 0 0 0 0 0 0 0 0 0 0 0 0 0 0 0 0 0 0 0 0 0 0 0 0 32858224 0 0 0 0 0 0 0 0 0 0 0 0 0 0 0 0 0 0 0 0 0 0 0 0 991864743 0 0 0 0 0 0 0 0 0 0 970627197 0 0 0 0 0 0 935885617 0 0 0 0 0
844382768 0 0 0 0 0 810534198 0 0 0 0 0 0 0 0 0 0 970627197 0 0 0 0 0 0 0 0 0 0 0 0 0 0 0 0 0 0 0 0 0 0 462851499 0 0 0 0 0 0 0 0 0 0 0 0 844382768 0 0 0 0 0 0 0 0 0 0 0 0 0 0 0 0 0 0 0 0 0 0 0 0 0 0 0 0 0 0 0 0 0 242971106 0 0 0 0 0 0 0 462851499 0 0 478268013 0
970627197 0 0 0 0 0 0 0 0 0 0 0 0 0 991864743 0 0 0 32858224 0 0 0 0 970627197 0 0 0 0 0 0 0 991864743 0 0 0 0 0 0 0 0 0 32858224 0 0 0 0 0 0 991864743 0 0 0 970627197 0 0 0 0 0 0 0 0 0 0 0 0 0 991864743 0 0 0 844382768 0 0 0 0 0 0 0 0 0 0 0 0 0 0 32858224 0 0 0 0 0 0 0 0 0 0 0 0 0 0
935885617 0 0 0 0 242971106 0 0 0 0 0 0 0 0 991864743 0 0 0 0 970627197 0 0 0 0 0 0 0 0 810534198 0 844382768 0 0 0 0 0 0 0 0 0 0 970627197 0 0 0 0 0 0 0 0 242971106 0 0 0 0 0 0 0 0 0 0 0 0 0 0 0 0 0 0 970627197 0 0 0 0 0 0 0 0 0 32858224 0 0 0 0 0 0 0 0 0 0 0 991864743 0 0 0 0 0 0 0 0
0 0 0 0 810534198 0 0 0 0 0 0 0 0 0 935885617 0 0 0 0 0 0 0 0 0 0 0 0 0 0 0 0 0 0 0 0 0 0 0 0 242971106 0 0 0 0 0 0 0 0 0 0 0 0 0 951572175 0 0 0 0 0 0 0 0 0 0 0 0 0 0 0 0 0 0 0 242971106 0 0 0 0 0 0 0 0 0 0 0 0 0 0 0 991864743 0 0 0 0 0 242971106 0 0 0 0
478268013 0 0 32858224 0 0 32858224 0 0 0 0 0 0 0 0 0 0 0 0 0 0 951572175 0 0 0 0 0 0 242971106 0 0 0 0 0 32858224 0 0 0 0 0 0 0 0 0 0 0 0 0 0 0 0 0 0 0 0 0 991864743 0 0 0 0 0 0 0 0 0 0 0 0 0 0 0 0 0 0 0 0 0 0 0 0 810534198 0 0 0 0 0 0 0 0 0 0 0 0 0 0 0 0 0 0
0 0 0 0 810534198 0 0 0 0 0 0 0 0 0 0 0 0 0 0 0 0 0 0 0 0 0 0 0 0 0 0 0 951572175 0 0 0 0 0 0 0 0 0 0 0 0 810534198 0 0 0 0 0 0 0 0 0 0 844382768 0 0 0 0 0 0 0 0 0 0 0 0 0 0 462851499 0 0 0 0 951572175 0 0 0 0 0 810534198 0 951572175 0 0 0 0 0 0 0 0 0 0 0 0 0 0 0
0 0 0 0 0 0 0 0 0 0 0 935885617 0 0 935885617 0 0 0 0 0 0 462851499 0 970627197 0 0 0 0 0 0 0 0 0 0 951572175 0 0 0 0 0 0 0 0 0 0 0 0 0 951572175 935885617 0 0 32858224 0 0 0 0 0 0 0 0 0 0 0 0 0 0 951572175 0 0 0 0 0 0 991864743 0 0 0 0 0 0 0 0 0 991864743 0 0 242971106 0 0 0 0 0 970627197 462851499 0 0 844382768 0 0
0 0 0 0 462851499 0 0 478268013 0 0 0 991864743 0 0 462851499 0 0 0 0 0 0 810534198 0 0 0 0 0 0 0 0 0 0 0 0 0 0 0 0 0 0 0 0 951572175 0 0 0 0 0 0 0 0 0 0 0 0 0 0 0 0 0 0 0 0 0 0 0 0 0 0 32858224 0 0 0 0 0 0 0 0 0 0 0 0 0 991864743 0 0 0 0 0 0 0 0 462851499 0 0 0 0 0 0 0
0 844382768 0 0 0 0 0 0 0 462851499 0 0 951572175 0 0 0 0 0 0 0 0 242971106 0 0 0 0 810534198 0 0 0 0 0 844382768 0 0 478268013 462851499 844382768 0 0 0 0 0 0 0 0 0 951572175 0 810534198 0 0 935885617 0 0 32858224 0 0 0 0 0 0 0 0 0 0 0 0 0 0 0 0 935885617 0 0 0 0 0 0 0 970627197 0 0 810534198 0 0 0 0 0 0 0 0 0 0 0 462851499 0 0 0 0
0 0 0 0 951572175 478268013 0 0 0 0 0 0 0 0 0 0 0 0 0 991864743 0 0 0 0 0 0 0 0 0 0 0 0 242971106 0 0 0 0 0 0 0 0 0 0 0 0 0 810534198 0 478268013 0 0 0 0 0 242971106 0 0 0 0 0 32858224 0 0 0 0 0 0 0 0 0 0 0 0 0 0 0 0 0 0 0 478268013 0 0 0 0 0 844382768 0 810534198 0 32858224 0 0 0 0 0 0 0 0 0
0 0 0 0 0 0 0 0 0 32858224 0 0 0 0 0 0 0 0 0 0 0 0 935885617 0 0 0 0 0 0 991864743 0 0 844382768 0 0 951572175 0 0 0 0 0 0 0 0 0 0 0 0 0 0 0 0 0 0 242971106 0 0 0 0 0 0 0 0 0 0 0 0 0 0 0 0 0 0 0 0 0 32858224 0 0 0 0 0 0 0 0 0 0 0 0 0 0 0 0 0 0 0 0 0 0 0
0 0 0 0 0 0 0 0 0 0 0 0 0 0 0 0 0 478268013 0 0 810534198 0 0 0 0 0 0 0 0 0 0 0 0 0 0 0 0 0 0 0 0 0 0 0 810534198 0 0 844382768 0 0 0 0 0 0 0 0 0 0 0 0 0 0 0 0 0 0 0 0 0 0 0 0 0 0 0 0 0 0 0 0 0 0 0 0 0 0 0 0 0 0 0 0 0 0 0 0 0 0 0 0
0 0 0 0 0 0 0 0 0 0 0 935885617 0 0 951572175 0 32858224 462851499 0 0 0 0 0 0 0 0 0 0 970627197 242971106 0 0 0 0 970627197 0 0 0 0 0 0 0 0 0 0 0 0 0 0 0 0 0 0 0 0 0 0 0 0 0 32858224 0 0 0 478268013 0 0 844382768 0 0 0 0 0 0 0 0 0 0 32858224 0 0 0 0 0 0 0 0 0 0 0 0 810534198 0 0 0 0 991864743 0 0 951572175
0 0 0 0 0 0 0 0 0 0 0 0 0 0 0 0 0 0 0 0 0 0 0 0 0 0 0 0 0 0 0 0 0 0 0 0 0 0 0 0 0 0 0 0 0 0 0 0 991864743 0 0 0 0 0 0 991864743 0 0 0 0 991864743 0 242971106 0 0 0 0 0 0 0 0 0 0 0 0 0 0 0 0 0 0 0 0 0 0 0 0 0 0 0 0 0 0 0 0 0 0 0 0 0
0 0 0 0 0 810534198 0 242971106 0 0 478268013 0 0 0 0 0 0 0 0 0 0 0 242971106 0 0 0 0 0 0 0 478268013 810534198 0 0 32858224 0 0 0 0 0 0 0 810534198 0 991864743 0 478268013 0 0 0 844382768 0 478268013 242971106 0 0 0 0 0 0 0 0 0 0 0 0 0 0 0 0 0 0 0 0 0 0 0 0 0 0 0 0 0 0 0 0 0 478268013 0 242971106 0 242971106 0 0 0 0 0 0 0 0
0 0 0 0 0 0 0 0 0 0 0 0 0 0 0 0 0 0 0 0 0 0 0 0 0 0 0 951572175 0 0 0 0 0 0 0 32858224 32858224 0 0 0 0 0 0 0 0 0 0 478268013 0 0 0 0 951572175 0 0 0 0 951572175 0 0 0 242971106 0 0 0 0 991864743 0 0 0 0 0 0 0 0 462851499 0 0 0 0 0 0 0 991864743 0 0 0 0 0 0 0 0 0 0 951572175 0 0 0 0 0
0 0 0 0 0 0 0 0 0 0 0 0 0 951572175 0 0 0 0 935885617 0 0 0 0 0 0 0 0 0 0 0 810534198 0 0 0 0 0 0 0 0 0 951572175 0 0 0 0 32858224 0 844382768 0 0 0 0 0 0 0 0 0 0 0 0 0 0 970627197 0 0 0 0 0 0 0 0 0 0 0 0 0 0 0 935885617 0 0 0 0 0 0 810534198 0 0 0 970627197 0 0 0 0 0 0 844382768 0 0 0
0 0 0 0 0 0 0 0 0 0 0 0 0 970627197 0 0 0 0 0 478268013 0 0 0 0 0 0 0 0 0 0 0 0 0 0 0 0 0 0 0 242971106 0 0 462851499 0 0 0 0 0 0 0 462851499 0 0 0 0 0 0 970627197 0 0 0 0 0 0 0 0 32858224 0 0 0 0 0 0 0 0 0 0 0 0 0 0 478268013 0 0 0 0 0 0 0 478268013 951572175 0 0 0 0 0 0 810534198 0 0
0 0 462851499 844382768 0 0 0 0 0 0 0 935885617 0 0 0 0 0 0 0 0 0 0 0 0 0 0 0 0 0 0 0 0 0 0 0 0 970627197 0 0 0 0 0 991864743 0 478268013 0 0 810534198 0 0 0 0 0 0 0 0 0 0 0 844382768 844382768 0 0 0 0 0 0 0 0 0 0 0 0 0 0 0 0 0 0 0 0 0 0 0 0 0 951572175 0 0 0 970627197 0 0 0 0 0 0 0 0 0
0 0 0 0 0 0 844382768 0 0 844382768 0 0 0 478268013 0 0 0 0 0 0 0 0 0 0 0 0 0 0 0 0 0 0 0 0 0 0 0 970627197 0 32858224 0 0 0 478268013 0 0 0 0 0 0 0 0 0 0 0 0 0 0 0 0 0 0 0 0 0 0 0 0 0 0 991864743 0 0 0 0 0 0 0 0 0 935885617 0 0 0 0 0 0 0 0 0 0 0 0 0 0 0 0 0 935885617 0
0 0 0 0 0 0 844382768 0 0 0 0 0 0 0 0 0 0 0 0 0 0 0 0 0 0 0 0 0 0 0 0 0 0 0 0 0 0 0 0 0 0 0 0 0 0 478268013 0 0 951572175 0 0 0 0 0 0 32858224 0 0 0 0 0 951572175 0 32858224 0 0 0 0 0 0 0 0 0 0 0 0 0 0 0 0 844382768 0 0 0 0 0 0 970627197 0 0 0 0 0 0 0 0 0 0 0 0
0 810534198 0 0 0 0 0 0 0 0 0 935885617 810534198 0 0 0 0 0 0 0 0 0 0 0 0 0 0 0 0 0 0 0 0 991864743 0 991864743 0 0 0 0 0 0 0 0 0 0 810534198 935885617 0 0 0 0 0 0 0 0 0 0 0 0 0 0 0 0 0 0 0 0 462851499 0 0 242971106 0 0 0 0 0 0 0 970627197 0 0 0 0 0 0 0 0 0 0 0 242971106 810534198 0 0 0 0 0 0 0
0 0 0 0 0 0 0 0 0 0 0 0 0 0 0 0 0 0 0 0 0 0 0 0 0 0 0 0 0 0 0 0 0 0 0 810534198 0 0 0 0 0 0 0 0 0 0 0 0 0 0 0 0 0 0 0 0 0 0 0 242971106 0 970627197 0 0 0 0 462851499 0 0 0 0 0 0 0 0 0 0 844382768 0 0 0 462851499 0 0 0 0 0 0 0 0 0 0 0 0 970627197 0 0 0 32858224 0
0 0 0 0 0 0 0 0 935885617 0 0 0 242971106 0 0 951572175 0 970627197 0 0 0 0 0 0 0 0 0 0 0 0 0 0 0 0 0 0 0 935885617 970627197 0 0 0 0 0 0 0 0 0 0 0 0 0 0 32858224 935885617 0 844382768 0 0 0 242971106 0 0 0 0 935885617 0 0 810534198 0 0 0 0 0 0 0 0 478268013 0 0 0 0 0 0 0 0 0 0 0 0 0 0 0 0 0 0 0 0 0 0
0 935885617 32858224 0 0 0 951572175 0 462851499 0 0 0 0 0 0 0 0 0 0 478268013 0 0 0 0 0 0 0 0 0 0 0 0 0 0 0 0 0 0 0 0 0 0 0 810534198 0 32858224 0 0 0 0 810534198 0 844382768 0 478268013 0 0 0 970627197 0 0 0 0 0 0 0 0 0 0 0 0 0 0 0 0 0 0 0 478268013 0 0 970627197 951572175 0 0 0 0 462851499 0 0 0 0 0 0 0 0 0 970627197 991864743 0
0 0 0 0 0 0 0 0 0 0 0 0 0 0 0 0 0 0 0 0 0 0 0 810534198 0 0 0 970627197 0 0 0 0 242971106 0 0 0 0 0 0 0 0 0 0 0 0 0 0 0 0 844382768 0 0 0 0 0 0 0 0 0 0 0 0 951572175 0 0 0 0 0 0 0 0 0 0 0 242971106 0 0 0 242971106 0 0 0 0 0 0 0 0 0 0 0 0 0 0 0 0 0 0 0 0 0
0 0 32858224 0 0 0 0 0 0 0 0 242971106 0 0 0 0 0 0 0 0 0 0 0 844382768 0 0 0 0 0 0 0 0 0 0 0 0 0 0 0 0 0 0 0 0 0 0 0 0 0 0 0 0 0 0 0 970627197 0 0 0 0 0 0 0 0 0 0 0 0 0 0 0 0 844382768 0 0 0 0 0 0 0 0 0 0 0 0 0 0 462851499 951572175 970627197 0 462851499 0 0 0 0 0 0 0 0
951572175 0 0 0 0 0 0 242971106 0 0 0 0 0 0 0 935885617 0 0 0 0 0 0 0 0 0 0 0 0 970627197 0 0 0 0 0 0 0 0 0 0 0 0 0 0 991864743 0 242971106 0 0 0 0 0 0 0 0 0 0 0 0 0 0 0 0 0 810534198 0 0 0 0 0 0 0 0 0 0 0 0 0 0 0 0 0 0 0 0 0 32858224 0 0 0 242971106 0 0 0 0 0 0 951572175 0 0 0
462851499 0 0 0 0 0 0 0 0 0 0 0 0 0 0 0 0 0 0 0 0 0 0 0 0 0 0 0 0 0 0 0 0 0 0 0 0 0 0 0 0 0 0 0 0 0 0 0 0 0 0 0 0 0 0 0 0 0 0 0 0 0 0 0 0 0 0 0 951572175 0 0 0 0 0 0 0 0 0 0 0 0 0 0 0 991864743 0 0 0 0 0 0 0 0 844382768 0 844382768 0 0 0 0
0 0 0 0 0 462851499 0 0 0 0 810534198 0 478268013 0 0 0 0 0 0 462851499 844382768 0 0 0 0 0 970627197 0 0 0 0 0 970627197 242971106 0 0 0 0 970627197 0 0 0 0 0 0 0 0 0 0 0 0 0 0 0 0 0 0 0 462851499 0 0 0 0 0 0 991864743 0 0 478268013 0 0 0 0 0 0 0 0 0 0 0 0 0 0 478268013 0 0 0 0 0 0 0 0 0 0 0 0 0 0 0 0
0 0 0 0 0 0 0 0 462851499 0 0 0 0 0 0 0 0 0 844382768 0 0 0 0 0 0 32858224 242971106 0 32858224 0 0 0 0 0 0 0 0 0 0 0 0 0 0 0 0 0 810534198 0 0 0 0 0 0 0 0 0 0 0 0 0 0 0 0 970627197 0 0 0 0 0 0 0 0 0 0 0 462851499 0 970627197 0 0 0 0 0 0 0 0 991864743 0 0 32858224 0 0 0 0 991864743 0 810534198 0 0 0
0 0 0 991864743 0 0 0 0 0 0 810534198 462851499 0 0 0 0 0 0 0 0 0 32858224 0 935885617 0 0 0 0 0 0 0 0 478268013 0 0 0 0 0 810534198 0 0 0 0 0 0 0 0 0 0 0 0 0 0 0 0 810534198 0 0 0 0 0 0 0 0 0 0 0 0 0 0 0 0 0 951572175 970627197 0 242971106 0 462851499 0 0 0 0 0 0 0 0 0 0 0 0 0 0 0 0 242971106 991864743 0 0 0
0 0 0 0 0 0 0 0 0 0 0 0 0 0 0 0 0 0 0 0 0 0 951572175 0 0 0 951572175 935885617 0 951572175 0 0 0 0 0 0 0 0 242971106 0 0 0 0 991864743 0 462851499 0 0 935885617 0 0 0 0 0 0 0 0 0 0 0 0 0 844382768 0 0 991864743 0 0 0 0 0 0 0 0 0 0 810534198 0 0 0 0 0 0 810534198 0 970627197 0 0 0 0 0 0 0 0 0 0 0 935885617 0 0
0 0 0 0 0 0 0 991864743 0 0 951572175 0 0 0 0 0 462851499 0 478268013 0 0 0 0 0 0 0 0 462851499 844382768 0 0 0 0 0 0 32858224 0 0 0 0 0 0 0 0 0 0 0 935885617 0 0 0 0 991864743 0 0 0 0 0 0 0 0 0 0 0 0 0 0 0 0 0 0 0 0 0 0 0 0 0 935885617 0 0 0 0 0 0 0 0 0 0 0 0 0 0 0 0 0 0 0 0 0
0 0 0 0 0 0 242971106 844382768 478268013 0 0 0 0 0 0 0 0 0 951572175 0 0 0 0 0 0 0 0 0 242971106 0 0 844382768 0 991864743 0 0 462851499 0 0 0 0 0 0 844382768 0 0 0 0 0 0 0 0 0 478268013 0 0 0 0 0 0 0 0 0 0 0 242971106 0 0 0 935885617 242971106 0 810534198 0 991864743 0 0 0 0 478268013 0 0 991864743 32858224 0 0 0 0 0 0 844382768 0 478268013 0 0 0 0 951572175 0 0
0 0 462851499 0 0 0 0 0 0 0 242971106 0 0 0 0 0 0 0 951572175 0 0 0 0 0 0 0 0 0 0 0 0 0 0 32858224 32858224 991864743 0 0 0 0 0 0 0 462851499 0 844382768 0 0 0 0 0 0 935885617 0 810534198 0 0 0 0 0 0 0 0 0 0 0 0 0 0 0 0 0 0 0 0 0 0 0 0 0 0 0 462851499 0 0 0 0 0 0 0 0 0 0 0 0 0 0 0 991864743 0
991864743 0 0 478268013 0 0 0 0 0 0 32858224 0 0 0 0 0 0 0 0 0 0 0 0 0 0 0 0 0 0 0 478268013 0 0 0 0 478268013 0 0 0 0 0 0 242971106 0 0 242971106 0 0 0 0 0 0 0 0 0 0 0 0 951572175 0 0 0 0 0 0 0 0 0 0 0 0 0 0 0 242971106 0 991864743 0 0 0 478268013 0 0 0 0 0 0 0 462851499 0 0 0 0 0 0 810534198 0 0 935885617 242971106
0 0 0 0 0 0 0 0 0 0 0 0 0 0 0 0 0 0 0 0 0 0 0 0 0 0 0 0 0 0 0 0 462851499 0 0 0 0 810534198 0 0 0 0 0 0 0 0 0 0 0 0 0 0 0 0 0 0 0 0 0 844382768 0 0 0 0 0 0 0 0 0 935885617 0 0 0 0 810534198 0 0 0 0 0 935885617 0 0 0 242971106 0 0 0 0 0 0 0 0 0 0 32858224 32858224 0 0 0
0 0 478268013 0 0 0 0 991864743 0 0 32858224 0 0 0 0 0 0 0 242971106 0 0 0 0 0 0 844382768 0 0 0 0 0 0 0 844382768 0 0 0 0 0 0 0 0 0 0 0 0 0 0 0 0 0 0 0 810534198 0 0 0 0 0 0 0 0 951572175 0 0 0 0 0 0 0 0 0 0 0 0 0 0 0 0 0 991864743 0 0 0 0 0 0 0 0 0 0 0 970627197 0 0 0 32858224 0 0 0
0 0 0 0 0 0 0 0 0 0 0 0 970627197 844382768 462851499 0 0 0 0 810534198 0 0 0 0 0 0 0 0 0 0 478268013 0 0 0 0 0 0 0 0 0 0 0 478268013 0 0 0 0 0 844382768 462851499 32858224 0 0 0 0 0 0 0 0 0 0 0 0 0 0 0 0 0 0 0 0 0 0 0 810534198 0 0 0 0 0 0 0 0 0 0 0 0 0 0 0 0 0 0 0 0 0 0 0 0 0
242971106 0 0 0 0 0 0 0 0 0 0 242971106 0 951572175 478268013 0 0 0 462851499 0 0 0 0 0 0 0 0 0 0 0 0 0 0 0 0 0 0 32858224 0 0 0 0 0 0 0 478268013 0 0 0 935885617 0 0 0 0 478268013 0 0 0 242971106 0 0 0 0 0 0 0 0 844382768 0 0 0 0 0 0 0 0 0 0 0 0 0 0 0 0 0 0 0 0 0 0 0 0 0 0 0 0 0 0 0 0
0 0 0 0 951572175 0 0 0 0 0 0 0 0 0 0 0 0 0 0 0 0 0 0 0 844382768 0 0 0 0 0 970627197 0 0 0 0 0 0 0 0 0 0 0 0 0 0 0 0 0 0 0 0 0 0 0 0 0 0 0 0 0 0 0 0 0 0 0 0 0 0 935885617 0 0 0 0 991864743 0 0 0 810534198 0 935885617 0 0 0 0 0 0 0 0 0 0 0 0 0 0 935885617 0 0 0 0
0 0 0 0 0 0 0 0 0 0 0 0 0 0 0 0 0 0 0 0 0 0 0 0 0 0 0 0 0 0 0 0 478268013 0 0 0 0 0 0 0 935885617 462851499 0 0 462851499 0 0 0 0 0 0 951572175 0 0 0 0 0 0 0 0 0 0 0 0 0 0 0 0 0 0 0 0 0 935885617 0 478268013 0 0 0 478268013 0 0 0 0 0 0 0 0 0 0 0 0 0 0 0 32858224 0 0 0 242971106
810534198 0 0 0 0 0 0 0 478268013 242971106 0 0 0 0 0 0 0 0 0 0 0 478268013 844382768 0 0 0 0 0 0 0 0 0 0 0 0 0 0 0 0 0 0 0 0 0 0 0 0 0 0 0 0 0 0 0 0 0 242971106 0 0 0 0 0 0 0 0 0 462851499 0 0 0 0 0 0 0 0 0 0 0 0 0 0 0 0 0 0 810534198 0 0 0 0 0 0 0 0 951572175 0 0 0 0 0
0 0 810534198 0 0 0 0 0 0 0 0 0 0 0 0 0 0 0 0 0 0 0 0 0 0 0 0 0 0 0 0 0 0 844382768 0 0 0 0 0 0 0 0 0 0 0 0 0 0 0 0 0 0 0 0 0 0 0 0 0 0 0 0 0 810534198 0 0 0 0 0 0 0 0 0 0 0 0 0 0 0 991864743 0 32858224 0 0 0 951572175 0 0 0 0 0 0 0 0 0 0 0 0 0 0
0 991864743 0 0 0 0 951572175 0 0 0 844382768 0 0 0 0 951572175 0 0 0 0 844382768 0 0 0 0 0 0 0 0 0 0 0 0 0 0 0 0 0 0 0 0 991864743 0 0 0 0 0 0 0 0 0 0 0 0 0 0 0 0 0 478268013 478268013 0 0 0 951572175 0 0 844382768 0 0 0 0 0 0 0 0 0 0 0 0 0 0 0 0 0 0 242971106 0 0 0 0 951572175 0 0 0 0 0 951572175 951572175 0
0 0 970627197 0 0 462851499 0 0 0 0 0 32858224 0 0 0 0 0 0 0 0 0 0 0 0 0 0 0 0 0 0 32858224 0 0 0 0 0 0 0 0 0 0 0 0 0 462851499 0 0 0 0 0 0 0 0 0 0 0 0 0 0 0 0 0 0 0 0 0 0 0 0 0 0 951572175 0 462851499 0 0 0 0 0 0 0 0 0 0 0 0 0 0 0 0 0 0 0 0 0 478268013 0 0 0 0
0 0 0 0 0 0 0 0 0 0 0 0 0 0 0 0 0 0 0 0 0 0 0 242971106 0 0 0 0 0 32858224 0 0 0 0 991864743 0 0 0 0 0 0 0 32858224 0 0 0 0 810534198 0 844382768 0 0 0 0 0 0 0 0 0 0 0 0 0 0 0 0 0 0 0 0 0 0 0 0 0 0 951572175 0 0 0 0 0 0 0 844382768 0 0 844382768 0 478268013 0 0 462851499 0 0 0 0 0 0 0
0 0 462851499 0 0 0 0 0 0 0 0 0 0 0 0 0 0 0 0 0 0 0 970627197 0 0 0 0 0 0 0 0 0 0 0 0 0 0 0 0 0 0 0 0 0 0 0 0 0 0 0 0 0 0 0 0 0 0 0 478268013 0 0 951572175 0 0 0 0 0 0 0 0 0 0 0 844382768 0 0 0 0 0 0 0 0 0 0 0 935885617 0 0 0 970627197 0 0 0 0 0 0 0 0 0 0
0 0 0 0 0 0 0 0 0 0 0 0 0 0 951572175 0 0 0 0 0 0 0 0 0 462851499 0 0 935885617 32858224 0 0 0 0 0 0 0 0 0 0 0 0 0 0 0 0 0 0 0 0 0 0 0 0 0 0 0 0 0 0 0 0 0 0 0 0 0 0 0 242971106 0 0 0 0 0 951572175 0 0 0 478268013 0 0 478268013 0 0 0 0 0 0 0 0 0 0 0 0 0 0 0 0 0 0
935885617 0 970627197 0 0 0 0 0 0 0 0 0 0 0 0 0 0 0 0 0 0 0 0 0 0 0 0 0 0 0 0 0 0 0 0 0 0 0 0 0 0 462851499 0 0 0 0 970627197 462851499 0 0 0 0 0 0 0 0 0 0 0 0 0 0 0 0 0 0 0 0 0 0 0 0 0 0 0 0 0 0 0 935885617 0 0 0 0 0 0 0 0 0 0 0 0 0 0 0 0 0 0 0 0
0 0 0 0 0 0 0 935885617 0 0 0 0 0 0 0 0 0 0 0 951572175 0 0 0 0 0 0 0 0 0 0 0 32858224 0 0 0 0 0 462851499 0 0 0 0 0 0 0 0 0 951572175 0 0 0 0 0 0 0 0 0 0 0 0 0 0 0 970627197 0 0 0 0 478268013 0 0 0 0 0 0 0 0 0 0 0 0 0 0 0 0 0 0 0 0 0 0 0 951572175 0 0 462851499 0 0 0 0
0 0 0 0 0 0 0 0 0 0 0 0 0 0 0 462851499 810534198 0 0 0 0 462851499 0 0 0 0 0 0 0 0 0 0 0 0 991864743 0 0 0 0 0 0 0 0 0 0 0 0 0 0 0 0 0 0 0 242971106 0 0 0 0 0 0 0 0 0 951572175 844382768 0 0 0 0 0 0 0 0 0 0 0 0 0 0 0 0 935885617 0 0 0 0 0 0 0 0 0 0 0 0 0 0 0 0 0
0 0 0 0 0 0 0 0 0 0 0 0 0 991864743 0 0 810534198 991864743 0 462851499 810534198 0 0 0 970627197 0 0 242971106 0 0 0 0 0 0 0 0 0 0 0 0 0 0 0 0 0 0 0 0 32858224 951572175 0 0 0 0 0 0 0 0 32858224 0 0 0 0 0 0 0 0 0 0 0 0 0 0 0 0 0 0 0 0 0 0 0 0 0 0 0 0 0 0 0 0 0 0 0 0 0 0 0 0 0
0 0 0 0 0 0 0 0 0 935885617 0 0 0 0 970627197 0 970627197 0 951572175 0 0 0 991864743 0 0 0 0 935885617 0 0 0 0 242971106 0 0 0 0 970627197 0 0 0 0 0 0 0 0 0 0 991864743 0 0 0 0 0 0 0 478268013 0 0 0 0 0 0 0 0 0 0 0 0 0 0 0 0 0 0 0 0 0 0 0 0 0 0 0 0 0 951572175 0 0 0 478268013 0 0 0 0 0 0 0 0 0
0 0 0 0 0 0 0 0 0 0 0 0 0 0 0 970627197 0 0 0 0 0 0 0 0 0 0 0 0 0 0 0 0 0 0 970627197 0 0 0 0 0 810534198 0 0 0 0 0 0 0 0 0 0 0 0 0 0 0 242971106 0 0 0 0 0 0 0 0 0 0 0 0 0 0 935885617 0 32858224 0 0 0 0 0 0 0 0 0 0 991864743 0 0 0 0 0 0 0 0 0 0 0 0 0 0 0
0 991864743 0 0 0 0 0 0 0 0 0 0 0 951572175 0 0 0 0 0 0 0 0 0 0 970627197 0 0 0 0 0 0 0 0 0 0 0 0 0 0 0 0 0 0 0 0 0 0 0 0 0 0 0 0 951572175 0 0 0 0 0 0 0 810534198 0 951572175 0 478268013 0 0 0 0 0 0 0 0 0 0 0 0 0 0 0 0 0 0 0 0 0 0 844382768 478268013 0 0 0 0 970627197 0 0 935885617 0 0
0 0 970627197 0 0 0 0 0 0 0 0 951572175 810534198 0 0 0 0 0 0 0 0 0 0 0 0 0 0 0 0 951572175 0 0 0 0 478268013 0 0 0 0 0 0 0 0 0 0 0 462851499 0 0 0 0 0 0 0 0 0 0 0 0 0 0 0 0 0 0 0 0 0 0 0 0 0 0 0 32858224 0 0 0 0 0 0 0 0 0 0 0 0 0 0 0 0 0 0 32858224 0 0 0 0 0 0
0 0 0 0 0 0 32858224 0 0 0 0 0 0 0 0 0 844382768 0 0 0 0 462851499 0 0 0 951572175 0 0 0 0 478268013 0 0 0 991864743 0 0 0 0 0 0 0 0 0 462851499 0 0 0 0 991864743 0 0 0 0 0 0 0 0 0 0 951572175 0 0 0 0 0 0 0 0 0 0 0 0 0 0 0 0 0 844382768 0 0 0 0 0 0 0 0 0 0 0 0 0 970627197 0 0 0 0 0 462851499 0
0 0 0 0 0 0 0 0 0 0 0 0 0 0 478268013 0 0 991864743 935885617 0 0 0 0 0 0 0 0 0 0 0 0 0 0 0 0 970627197 0 0 0 0 0 478268013 0 0 0 242971106 0 0 0 0 0 0 0 0 0 0 0 844382768 0 0 0 0 0 0 0 0 0 0 0 0 0 0 0 0 0 0 0 0 0 0 0 0 0 0 0 0 0 0 0 0 0 0 0 0 0 0 0 0 0 0
0 0 32858224 0 0 0 0 0 0 0 0 0 32858224 0 0 0 0 32858224 0 0 0 0 0 0 0 0 0 0 0 0 0 0 0 242971106 0 0 0 0 0 32858224 0 0 0 0 0 0 0 0 0 0 0 0 0 0 462851499 844382768 0 0 0 0 0 0 0 0 810534198 0 0 0 0 0 0 32858224 0 991864743 0 0 0 970627197 0 0 0 0 0 0 0 0 0 0 0 0 0 0 0 0 0 0 0 0 0 935885617
0 0 0 0 0 462851499 0 0 0 0 0 0 0 0 0 951572175 0 0 0 0 935885617 844382768 0 478268013 0 0 0 0 0 0 0 0 0 0 0 0 0 0 0 0 0 0 0 0 0 844382768 0 0 0 0 0 0 0 0 0 0 0 0 0 0 0 0 32858224 0 970627197 0 0 0 0 0 0 0 0 0 0 0 0 0 844382768 0 0 0 0 0 0 0 0 0 0 478268013 0 0 0 0 0 0 0 0 0 0
0 0 951572175 0 0 0 0 0 0 0 0 0 0 0 0 951572175 0 0 0 0 935885617 0 0 0 0 0 0 0 0 0 0 0 0 0 0 0 0 0 0 0 0 0 970627197 0 0 0 0 0 0 0 0 0 0 0 0 0 844382768 0 0 0 0 0 0 0 0 0 0 0 0 0 0 0 0 935885617 0 0 0 0 0 0 0 0 0 0 0 0 0 462851499 0 0 0 0 0 0 0 0 0 0 0 478268013
0 0 462851499 0 0 0 0 0 0 951572175 0 0 0 0 0 0 0 0 0 0 0 0 0 0 0 0 0 0 0 0 0 0 0 0 970627197 0 0 0 0 0 0 0 0 0 0 0 0 0 844382768 0 0 0 0 0 0 0 0 0 0 0 970627197 0 0 0 0 0 0 810534198 0 0 0 0 0 0 0 0 0 0 0 0 0 0 0 951572175 0 242971106 0 478268013 0 0 0 0 0 0 0 0 0 0 0 0
