100 100
0 0 0 0 0 538970587 921176748 0 0 813689455 261567019 0 318357210 0 538970587 921176748 261567019 261567019 0 813689455 0 0 318357210 538970587 813689455 318357210 538970587 813689455 0 0 0 0 261567019 0 538970587 318357210 0 261567019 0 0 0 921176748 813689455 0 261567019 0 813689455 0 921176748 0 538970587 261567019 261567019 538970587 0 0 0 0 0 813689455 0 921176748 0 0 318357210 0 538970587 0 538970587 0 0 261567019 261567019 538970587 0 261567019 261567019 318357210 0 261567019 921176748 261567019 0 0 0 0 0 813689455 0 921176748 813689455 0 921176748 0 0 0 538970587 921176748 921176748 921176748
0 813689455 0 813689455 813689455 0 0 0 0 921176748 0 538970587 318357210 0 538970587 0 813689455 0 0 538970587 538970587 813689455 538970587 538970587 0 0 0 538970587 538970587 0 261567019 0 538970587 538970587 318357210 261567019 0 0 261567019 0 0 261567019 0 0 318357210 261567019 0 0 0 0 0 0 538970587 0 318357210 0 261567019 921176748 0 0 261567019 261567019 318357210 0 0 0 0 261567019 0 0 261567019 538970587 318357210 318357210 318357210 0 0 0 921176748 813689455 0 0 538970587 0 318357210 538970587 0 261567019 261567019 0 921176748 813689455 921176748 813689455 0 318357210 0 0 813689455 261567019
538970587 921176748 318357210 921176748 813689455 0 0 538970587 261567019 0 921176748 0 538970587 538970587 0 921176748 813689455 813689455 921176748 538970587 0 261567019 0 0 921176748 261567019 538970587 0 318357210 0 0 0 0 0 0 261567019 261567019 813689455 0 0 318357210 261567019 538970587 0 538970587 318357210 538970587 0 921176748 538970587 0 0 0 0 0 921176748 813689455 0 538970587 0 0 813689455 0 0 261567019 0 538970587 0 0 0 921176748 261567019 813689455 0 538970587 0 0 921176748 538970587 813689455 0 318357210 261567019 0 0 538970587 813689455 813689455 0 0 0 0 318357210 538970587 0 0 261567019 538970587 318357210 538970587
0 0 813689455 261567019 0 813689455 0 0 0 318357210 318357210 813689455 0 0 0 318357210 0 0 813689455 318357210 538970587 0 0 538970587 921176748 318357210 538970587 0 0 921176748 318357210 921176748 261567019 0 318357210 0 0 0 0 921176748 261567019 261567019 0 261567019 261567019 0 261567019 0 0 538970587 0 0 0 0 538970587 0 0 538970587 261567019 0 318357210 318357210 813689455 0 0 538970587 538970587 538970587 813689455 0 538970587 0 0 0 261567019 0 813689455 0 0 261567019 0 0 538970587 0 0 0 921176748 318357210 0 261567019 921176748 0 318357210 261567019 921176748 261567019 0 0 318357210 813689455
921176748 0 0 921176748 0 0 0 0 0 813689455 538970587 0 261567019 813689455 0 0 813689455 0 261567019 538970587 538970587 318357210 0 261567019 0 0 0 921176748 921176748 0 0 0 538970587 0 921176748 0 318357210 921176748 0 318357210 0 0 813689455 0 261567019 921176748 0 0 0 0 0 0 261567019 813689455 0 0 813689455 0 0 261567019 538970587 0 0 0 0 0 0 0 921176748 0 318357210 0 921176748 318357210 0 0 0 921176748 261567019 0 0 261567019 0 0 0 0 261567019 0 0 0 538970587 318357210 921176748 318357210 813689455 921176748 0 921176748 813689455 921176748
318357210 0 261567019 538970587 0 813689455 0 0 0 0 0 0 813689455 813689455 921176748 921176748 0 921176748 0 0 0 0 0 0 261567019 921176748 318357210 261567019 813689455 261567019 538970587 921176748 0 0 813689455 261567019 921176748 0 0 921176748 318357210 813689455 921176748 813689455 0 0 0 921176748 921176748 0 921176748 261567019 0 261567019 538970587 0 0 0 261567019 538970587 318357210 0 813689455 318357210 0 0 538970587 0 813689455 0 0 0 921176748 0 318357210 0 0 261567019 0 0 0 261567019 0 0 921176748 0 0 538970587 921176748 0 0 0 0 813689455 0 0 0 0 0 0
0 921176748 813689455 538970587 921176748 921176748 261567019 318357210 0 813689455 318357210 0 0 261567019 813689455 538970587 0 261567019 0 0 318357210 0 0 0 813689455 0 261567019 538970587 0 0 318357210 318357210 813689455 813689455 0 318357210 538970587 813689455 813689455 0 0 813689455 0 0 921176748 0 0 0 813689455 538970587 0 921176748 0 261567019 921176748 318357210 0 921176748 0 261567019 921176748 813689455 0 538970587 0 0 921176748 318357210 921176748 538970587 538970587 0 538970587 261567019 318357210 0 538970587 0 0 0 0 0 0 0 0 921176748 813689455 0 921176748 0 0 261567019 0 0 318357210 0 0 0 318357210 0
0 813689455 0 261567019 0 318357210 921176748 261567019 813689455 318357210 0 538970587 0 0 538970587 0 261567019 318357210 261567019 0 318357210 0 0 261567019 0 538970587 261567019 0 921176748 0 0 0 0 0 0 0 0 538970587 0 538970587 0 0 0 538970587 0 0 0 921176748 538970587 538970587 921176748 0 318357210 0 0 0 813689455 261567019 0 813689455 538970587 0 921176748 318357210 813689455 921176748 0 261567019 0 538970587 261567019 0 318357210 0 318357210 0 318357210 0 318357210 813689455 261567019 261567019 813689455 0 813689455 0 813689455 921176748 318357210 0 0 0 0 0 0 0 538970587 921176748 0 318357210
261567019 921176748 0 0 0 0 0 0 0 538970587 813689455 0 261567019 538970587 261567019 0 0 921176748 538970587 0 921176748 0 0 921176748 0 0 261567019 261567019 0 318357210 0 921176748 0 261567019 538970587 921176748 0 0 0 261567019 538970587 318357210 261567019 921176748 0 261567019 538970587 538970587 813689455 261567019 0 0 0 261567019 0 261567019 0 813689455 0 0 0 538970587 0 0 0 538970587 0 0 0 0 318357210 0 0 0 318357210 921176748 0 261567019 538970587 813689455 261567019 0 0 813689455 0 0 0 0 0 0 813689455 0 0 318357210 0 0 318357210 0 0 0
0 0 0 813689455 921176748 0 0 0 0 0 0 0 0 0 813689455 0 0 0 261567019 0 813689455 813689455 0 538970587 318357210 921176748 318357210 538970587 813689455 538970587 261567019 0 0 538970587 813689455 0 0 0 921176748 0 318357210 0 0 0 0 261567019 318357210 261567019 318357210 538970587 813689455 0 813689455 0 0 0 538970587 318357210 921176748 813689455 538970587 0 0 261567019 0 921176748 813689455 318357210 538970587 318357210 0 0 0 0 0 261567019 0 0 0 921176748 921176748 0 921176748 318357210 0 261567019 0 318357210 0 0 318357210 538970587 0 538970587 921176748 0 0 538970587 0 0
0 0 0 0 0 813689455 538970587 0 921176748 261567019 0 0 0 0 538970587 813689455 0 0 0 318357210 0 813689455 261567019 538970587 261567019 0 0 0 0 813689455 0 0 813689455 538970587 813689455 0 921176748 0 0 0 921176748 0 921176748 813689455 921176748 921176748 0 0 813689455 318357210 0 0 813689455 921176748 0 0 261567019 0 0 0 318357210 921176748 0 0 538970587 261567019 0 813689455 921176748 318357210 261567019 921176748 318357210 0 0 0 921176748 261567019 0 0 318357210 921176748 0 921176748 261567019 0 318357210 0 0 261567019 0 0 0 538970587 0 261567019 0 0 813689455 318357210
538970587 921176748 0 0 921176748 0 0 921176748 538970587 813689455 318357210 0 0 318357210 0 0 921176748 0 538970587 0 0 318357210 318357210 261567019 0 0 538970587 538970587 261567019 538970587 921176748 538970587 0 261567019 538970587 318357210 261567019 0 921176748 921176748 0 261567019 538970587 318357210 0 0 813689455 0 0 261567019 538970587 261567019 0 0 0 538970587 0 0 0 538970587 921176748 921176748 0 0 318357210 0 0 0 813689455 0 318357210 0 538970587 0 538970587 538970587 538970587 0 0 261567019 0 921176748 921176748 0 0 538970587 318357210 0 318357210 813689455 0 921176748 0 0 538970587 318357210 813689455 0 0 0
261567019 0 813689455 318357210 0 0 0 0 0 0 0 0 538970587 0 0 538970587 0 0 261567019 318357210 813689455 0 0 0 921176748 261567019 0 318357210 0 813689455 813689455 261567019 0 0 0 318357210 921176748 261567019 261567019 0 0 0 0 813689455 261567019 0 0 813689455 0 921176748 0 0 318357210 538970587 813689455 0 538970587 0 0 921176748 261567019 0 0 813689455 0 813689455 261567019 0 0 318357210 318357210 538970587 261567019 921176748 0 0 0 0 0 0 813689455 0 538970587 538970587 921176748 813689455 261567019 0 0 0 0 0 0 0 813689455 0 0 0 0 0
318357210 0 0 0 261567019 0 0 921176748 0 0 921176748 0 0 318357210 0 0 261567019 0 0 538970587 538970587 0 538970587 538970587 921176748 538970587 0 318357210 0 261567019 318357210 0 0 921176748 813689455 813689455 261567019 0 0 318357210 921176748 318357210 318357210 0 921176748 813689455 538970587 538970587 0 0 0 921176748 0 0 0 0 0 0 813689455 0 813689455 261567019 0 538970587 0 0 318357210 0 0 813689455 0 318357210 0 0 318357210 0 318357210 318357210 538970587 921176748 813689455 921176748 261567019 921176748 0 0 0 318357210 921176748 813689455 813689455 0 0 538970587 0 538970587 0 0 0 0
0 0 0 538970587 538970587 0 0 0 0 0 261567019 318357210 538970587 813689455 0 261567019 538970587 0 0 538970587 318357210 813689455 0 0 0 813689455 0 538970587 261567019 538970587 261567019 813689455 261567019 0 0 0 0 0 318357210 813689455 921176748 261567019 0 0 0 813689455 0 813689455 0 261567019 261567019 261567019 0 261567019 0 0 538970587 318357210 261567019 0 921176748 0 0 0 0 538970587 0 0 0 921176748 813689455 261567019 0 0 921176748 318357210 538970587 0 813689455 0 261567019 0 318357210 0 0 0 0 0 538970587 0 0 538970587 0 813689455 0 261567019 0 0 318357210 0
538970587 813689455 538970587 0 538970587 0 0 261567019 0 921176748 813689455 261567019 318357210 0 813689455 0 261567019 0 538970587 0 0 538970587 0 538970587 318357210 261567019 0 0 0 921176748 261567019 921176748 0 261567019 318357210 0 261567019 318357210 0 0 0 921176748 921176748 0 0 261567019 813689455 0 0 813689455 813689455 0 0 261567019 318357210 0 0 813689455 921176748 318357210 318357210 0 318357210 921176748 0 0 921176748 261567019 261567019 538970587 921176748 813689455 0 921176748 0 921176748 0 261567019 318357210 538970587 0 318357210 261567019 0 261567019 0 813689455 0 921176748 261567019 538970587 0 0 0 318357210 0 813689455 261567019 0 0
0 538970587 813689455 0 921176748 538970587 261567019 813689455 0 538970587 538970587 261567019 538970587 813689455 318357210 0 0 0 0 318357210 921176748 0 261567019 0 538970587 318357210 813689455 0 0 813689455 813689455 921176748 0 921176748 0 0 318357210 538970587 538970587 0 261567019 318357210 538970587 538970587 0 0 318357210 921176748 0 921176748 0 0 538970587 0 0 0 813689455 0 0 0 0 0 0 0 261567019 921176748 318357210 813689455 0 261567019 538970587 921176748 261567019 813689455 0 813689455 0 0 0 0 0 921176748 813689455 318357210 0 0 0 318357210 0 318357210 261567019 318357210 0 0 0 813689455 921176748 0 0 0
0 0 0 0 0 921176748 921176748 0 813689455 0 0 0 261567019 0 538970587 538970587 921176748 813689455 0 813689455 0 0 0 0 813689455 0 0 813689455 0 0 0 318357210 261567019 318357210 0 0 0 0 538970587 318357210 538970587 921176748 0 921176748 0 0 538970587 0 813689455 0 0 0 0 318357210 318357210 0 0 0 0 261567019 261567019 921176748 318357210 0 921176748 318357210 0 0 0 538970587 261567019 0 318357210 538970587 813689455 0 318357210 0 318357210 261567019 813689455 0 0 0 0 0 538970587 0 0 0 0 261567019 261567019 318357210 0 921176748 921176748 0 0 0
0 0 0 0 0 921176748 0 0 813689455 921176748 0 813689455 538970587 318357210 538970587 0 921176748 0 0 0 0 0 0 0 0 0 0 318357210 0 813689455 261567019 0 0 0 318357210 261567019 261567019 318357210 0 0 261567019 0 0 813689455 0 0 0 813689455 813689455 0 921176748 261567019 0 921176748 0 813689455 261567019 261567019 538970587 0 318357210 921176748 0 0 0 813689455 0 921176748 0 261567019 0 0 0 318357210 538970587 813689455 538970587 538970587 813689455 318357210 0 0 813689455 0 0 0 318357210 0 538970587 318357210 0 0 261567019 0 921176748 0 0 813689455 0 0
0 0 0 538970587 318357210 0 0 538970587 261567019 0 538970587 813689455 0 921176748 0 0 0 0 0 538970587 921176748 921176748 921176748 813689455 0 0 0 0 813689455 921176748 0 813689455 0 813689455 0 261567019 921176748 318357210 813689455 318357210 0 318357210 0 538970587 813689455 921176748 261567019 0 538970587 318357210 538970587 921176748 813689455 0 318357210 0 0 0 0 0 921176748 261567019 0 0 538970587 0 0 318357210 0 538970587 0 0 0 538970587 0 261567019 0 0 0 0 0 261567019 0 538970587 538970587 0 0 0 0 0 538970587 0 0 0 813689455 538970587 538970587 0 261567019 261567019
538970587 813689455 813689455 0 0 921176748 0 318357210 0 0 261567019 813689455 0 0 318357210 0 318357210 0 0 261567019 538970587 921176748 0 538970587 813689455 921176748 0 538970587 0 318357210 921176748 0 0 0 0 0 0 0 318357210 318357210 0 0 0 261567019 0 0 0 0 318357210 0 538970587 813689455 0 261567019 0 0 538970587 0 318357210 921176748 318357210 0 0 318357210 0 0 0 921176748 261567019 921176748 261567019 0 0 0 318357210 813689455 0 0 813689455 0 261567019 0 921176748 261567019 0 0 0 261567019 0 0 538970587 538970587 921176748 0 0 0 0 813689455 0 0
0 261567019 318357210 921176748 318357210 0 0 0 261567019 261567019 813689455 921176748 0 538970587 318357210 921176748 538970587 921176748 813689455 0 0 0 0 261567019 921176748 0 318357210 261567019 538970587 0 0 0 261567019 921176748 0 0 0 0 0 921176748 0 0 0 0 0 0 921176748 0 0 318357210 813689455 318357210 0 0 921176748 0 0 813689455 0 0 0 318357210 0 318357210 0 921176748 0 0 813689455 318357210 0 0 0 921176748 0 0 0 261567019 318357210 921176748 0 261567019 538970587 0 318357210 0 0 318357210 0 0 0 0 0 0 261567019 0 921176748 318357210 0 318357210
0 0 921176748 318357210 538970587 813689455 0 0 921176748 0 0 538970587 0 921176748 0 0 0 261567019 0 813689455 921176748 0 538970587 0 538970587 0 318357210 318357210 0 0 0 0 538970587 0 261567019 0 318357210 261567019 261567019 261567019 538970587 318357210 261567019 0 0 0 0 318357210 921176748 0 813689455 261567019 813689455 318357210 921176748 0 318357210 318357210 318357210 0 0 0 921176748 0 0 0 538970587 0 921176748 921176748 0 0 538970587 0 538970587 921176748 318357210 0 0 261567019 921176748 0 0 318357210 0 0 0 538970587 921176748 813689455 261567019 538970587 261567019 0 318357210 538970587 538970587 318357210 538970587 921176748
318357210 0 921176748 0 318357210 261567019 318357210 0 813689455 538970587 0 921176748 0 0 0 538970587 813689455 921176748 261567019 921176748 0 813689455 0 0 813689455 813689455 538970587 921176748 0 0 0 0 261567019 813689455 0 0 0 0 0 921176748 0 0 318357210 0 0 0 0 0 0 318357210 538970587 0 261567019 921176748 0 813689455 0 261567019 0 813689455 261567019 813689455 813689455 318357210 0 261567019 0 0 0 0 0 0 921176748 318357210 921176748 0 921176748 0 318357210 318357210 0 0 0 261567019 0 0 0 0 0 0 0 0 538970587 0 921176748 0 813689455 0 0 538970587
0 261567019 0 0 813689455 538970587 813689455 0 921176748 0 318357210 0 538970587 0 0 0 0 0 0 0 0 0 0 0 0 813689455 0 0 921176748 813689455 0 0 813689455 0 318357210 318357210 0 0 538970587 318357210 261567019 0 0 921176748 261567019 538970587 0 0 0 813689455 538970587 0 0 261567019 0 538970587 261567019 0 921176748 0 0 0 0 0 318357210 921176748 0 538970587 318357210 813689455 538970587 0 0 538970587 538970587 813689455 0 0 0 318357210 0 538970587 0 0 318357210 0 538970587 0 261567019 0 538970587 0 0 0 0 538970587 813689455 261567019 813689455 261567019
318357210 0 0 921176748 0 0 538970587 921176748 261567019 318357210 813689455 538970587 0 318357210 538970587 0 0 0 0 0 538970587 538970587 0 0 261567019 0 813689455 0 0 0 813689455 318357210 0 813689455 0 0 0 318357210 0 0 0 921176748 0 0 318357210 318357210 538970587 0 0 813689455 0 813689455 0 0 0 318357210 318357210 261567019 261567019 0 0 0 0 921176748 0 813689455 921176748 538970587 0 318357210 538970587 0 0 318357210 921176748 261567019 0 0 0 0 0 0 261567019 261567019 0 0 0 318357210 0 813689455 0 318357210 538970587 318357210 0 921176748 0 261567019 0 261567019
0 261567019 261567019 0 0 0 261567019 0 0 0 921176748 0 318357210 813689455 538970587 0 538970587 0 813689455 261567019 538970587 0 0 318357210 0 0 261567019 538970587 0 538970587 0 0 0 0 0 0 0 261567019 538970587 0 318357210 0 261567019 0 538970587 0 813689455 318357210 0 261567019 0 538970587 261567019 0 0 0 0 0 538970587 0 0 0 0 0 318357210 0 261567019 318357210 0 813689455 0 0 0 538970587 813689455 261567019 0 0 0 0 0 0 538970587 0 0 813689455 921176748 0 0 0 0 0 0 0 538970587 261567019 538970587 921176748 0 538970587
0 0 813689455 0 921176748 813689455 813689455 0 0 0 0 0 921176748 0 0 538970587 538970587 921176748 538970587 921176748 0 921176748 0 0 538970587 0 921176748 0 0 921176748 261567019 538970587 261567019 318357210 318357210 538970587 0 0 318357210 0 921176748 0 538970587 538970587 0 0 921176748 0 921176748 318357210 0 538970587 538970587 0 261567019 0 921176748 538970587 0 0 0 0 813689455 813689455 538970587 0 0 261567019 261567019 0 813689455 0 921176748 0 921176748 261567019 0 0 318357210 0 0 813689455 261567019 0 261567019 0 0 538970587 261567019 0 0 0 921176748 261567019 921176748 0 921176748 0 813689455 0
921176748 921176748 0 0 538970587 538970587 261567019 318357210 0 921176748 261567019 0 0 318357210 318357210 921176748 0 0 0 261567019 813689455 813689455 538970587 0 0 0 813689455 921176748 538970587 0 813689455 538970587 813689455 0 921176748 0 318357210 813689455 921176748 921176748 921176748 0 0 0 261567019 0 921176748 0 0 0 261567019 0 318357210 318357210 0 0 0 813689455 813689455 0 0 0 0 921176748 0 538970587 0 0 538970587 0 538970587 0 0 0 813689455 921176748 0 318357210 0 538970587 0 0 0 538970587 0 921176748 0 261567019 318357210 0 921176748 0 538970587 318357210 0 0 0 921176748 813689455 0
0 261567019 921176748 0 318357210 813689455 538970587 318357210 813689455 0 0 0 538970587 921176748 0 318357210 0 318357210 0 921176748 921176748 318357210 0 0 921176748 261567019 0 0 0 0 0 261567019 261567019 261567019 921176748 921176748 0 921176748 0 0 813689455 261567019 813689455 0 813689455 0 813689455 0 813689455 0 0 0 921176748 813689455 0 538970587 538970587 0 538970587 0 538970587 261567019 0 261567019 0 261567019 0 0 813689455 0 0 0 261567019 0 318357210 0 0 318357210 921176748 261567019 0 0 0 261567019 0 0 318357210 538970587 813689455 0 813689455 0 318357210 0 538970587 0 318357210 0 0 0
0 813689455 318357210 261567019 921176748 261567019 0 538970587 538970587 318357210 0 261567019 261567019 0 0 0 261567019 0 921176748 0 261567019 318357210 0 0 0 261567019 261567019 0 538970587 0 261567019 0 0 813689455 0 0 0 0 0 0 261567019 921176748 0 0 0 0 0 261567019 318357210 0 0 538970587 0 0 0 921176748 921176748 538970587 0 921176748 318357210 0 0 0 261567019 318357210 318357210 261567019 813689455 538970587 318357210 0 538970587 813689455 0 538970587 0 318357210 0 538970587 538970587 0 0 0 0 0 813689455 0 813689455 261567019 318357210 0 538970587 261567019 813689455 0 921176748 813689455 813689455 0
0 0 813689455 0 261567019 813689455 0 261567019 921176748 538970587 0 0 0 0 813689455 0 318357210 0 0 0 0 921176748 0 261567019 0 0 0 0 0 813689455 318357210 0 318357210 0 0 0 318357210 0 0 813689455 0 813689455 538970587 538970587 538970587 261567019 921176748 0 0 0 813689455 0 0 0 921176748 538970587 921176748 0 813689455 921176748 921176748 0 0 0 0 0 538970587 0 538970587 813689455 0 0 813689455 0 0 0 261567019 261567019 921176748 318357210 813689455 538970587 538970587 0 0 0 318357210 921176748 0 538970587 261567019 261567019 0 921176748 318357210 261567019 0 0 0 0
0 0 0 0 0 0 538970587 813689455 813689455 0 813689455 0 318357210 261567019 921176748 921176748 0 0 538970587 0 0 538970587 261567019 0 0 538970587 0 0 0 538970587 0 0 921176748 318357210 0 318357210 0 0 921176748 0 0 318357210 0 0 538970587 0 0 0 538970587 318357210 318357210 0 0 0 0 261567019 0 0 0 318357210 538970587 318357210 0 0 318357210 0 0 0 538970587 921176748 0 0 0 0 0 261567019 0 538970587 261567019 0 318357210 0 0 0 921176748 318357210 0 0 261567019 0 0 538970587 921176748 921176748 921176748 0 0 813689455 0 921176748
538970587 0 0 0 0 318357210 0 0 813689455 0 261567019 813689455 921176748 921176748 0 0 0 0 813689455 318357210 921176748 0 813689455 813689455 0 261567019 318357210 0 921176748 921176748 0 538970587 261567019 0 318357210 538970587 813689455 0 538970587 813689455 0 0 318357210 261567019 0 921176748 0 0 813689455 538970587 0 261567019 0 813689455 0 0 538970587 921176748 813689455 0 0 261567019 921176748 0 0 921176748 0 261567019 813689455 0 0 813689455 0 0 538970587 813689455 318357210 0 318357210 261567019 318357210 0 0 813689455 538970587 0 0 0 921176748 0 0 921176748 538970587 921176748 0 0 261567019 0 538970587 0
0 318357210 0 0 0 0 0 921176748 318357210 261567019 0 0 318357210 0 0 0 261567019 0 813689455 813689455 0 0 813689455 261567019 813689455 0 0 0 318357210 0 921176748 0 813689455 0 0 261567019 921176748 0 813689455 0 921176748 0 0 0 0 0 538970587 921176748 0 318357210 0 538970587 0 318357210 921176748 0 261567019 538970587 0 813689455 0 0 921176748 813689455 921176748 538970587 538970587 921176748 813689455 0 261567019 261567019 538970587 0 813689455 0 0 318357210 813689455 0 0 538970587 261567019 0 0 538970587 0 0 0 0 538970587 813689455 0 921176748 0 813689455 318357210 921176748 813689455 538970587
318357210 0 0 261567019 538970587 813689455 0 813689455 318357210 318357210 261567019 813689455 318357210 261567019 921176748 0 0 921176748 0 0 0 261567019 318357210 0 0 0 0 261567019 261567019 0 0 0 0 921176748 318357210 261567019 921176748 261567019 261567019 261567019 538970587 921176748 813689455 0 538970587 813689455 0 261567019 0 318357210 0 0 0 0 0 0 921176748 0 813689455 0 318357210 538970587 813689455 921176748 813689455 538970587 921176748 318357210 0 813689455 921176748 0 0 813689455 318357210 538970587 921176748 318357210 0 0 538970587 813689455 538970587 921176748 0 538970587 813689455 813689455 0 0 0 538970587 921176748 0 261567019 0 0 0 813689455 261567019
261567019 0 538970587 0 813689455 0 921176748 538970587 0 0 0 0 538970587 813689455 921176748 921176748 0 0 0 0 921176748 0 0 921176748 318357210 538970587 318357210 921176748 0 0 318357210 921176748 0 0 0 261567019 261567019 0 318357210 538970587 0 538970587 0 261567019 318357210 318357210 921176748 0 0 813689455 813689455 0 0 0 0 0 0 0 921176748 813689455 0 538970587 0 0 318357210 0 921176748 0 318357210 0 0 813689455 813689455 538970587 538970587 261567019 0 921176748 318357210 261567019 0 813689455 538970587 0 921176748 0 538970587 0 0 0 318357210 813689455 921176748 318357210 813689455 921176748 318357210 0 813689455 0
0 0 261567019 0 813689455 0 921176748 0 0 921176748 813689455 0 318357210 813689455 538970587 0 813689455 0 318357210 0 813689455 921176748 0 921176748 0 813689455 813689455 921176748 318357210 318357210 0 0 318357210 0 318357210 0 538970587 921176748 318357210 813689455 813689455 813689455 0 318357210 261567019 0 0 0 0 921176748 921176748 0 921176748 0 0 921176748 0 261567019 538970587 538970587 538970587 921176748 0 261567019 318357210 813689455 538970587 0 921176748 318357210 261567019 0 0 0 0 318357210 813689455 261567019 0 318357210 0 318357210 0 0 0 0 0 0 0 0 0 813689455 0 813689455 0 921176748 0 0 0 0
0 0 261567019 813689455 921176748 318357210 538970587 0 318357210 0 0 0 538970587 0 0 318357210 0 921176748 318357210 538970587 813689455 538970587 0 921176748 0 0 0 538970587 0 0 0 318357210 0 538970587 813689455 0 0 0 538970587 0 0 0 0 0 813689455 813689455 0 921176748 0 921176748 813689455 813689455 318357210 0 0 0 813689455 813689455 318357210 921176748 0 0 538970587 0 921176748 921176748 0 0 0 0 261567019 921176748 0 813689455 261567019 318357210 0 0 0 0 0 0 921176748 0 0 0 0 0 261567019 0 813689455 0 813689455 0 318357210 0 0 813689455 0 261567019
813689455 0 538970587 0 538970587 813689455 0 813689455 0 538970587 813689455 261567019 921176748 0 0 261567019 0 0 318357210 261567019 0 0 261567019 538970587 0 0 813689455 538970587 0 261567019 0 318357210 0 0 0 0 0 813689455 318357210 0 538970587 0 0 0 0 538970587 0 813689455 921176748 538970587 538970587 318357210 538970587 0 0 318357210 0 813689455 0 318357210 318357210 0 261567019 921176748 0 261567019 0 0 538970587 0 318357210 813689455 0 318357210 0 0 0 538970587 813689455 538970587 921176748 0 261567019 0 813689455 0 0 0 0 813689455 261567019 0 538970587 261567019 0 0 921176748 0 0 0
318357210 0 0 0 813689455 318357210 0 921176748 538970587 0 0 921176748 261567019 921176748 0 0 0 538970587 0 318357210 0 261567019 921176748 0 318357210 538970587 0 0 0 813689455 538970587 0 0 0 0 0 318357210 813689455 318357210 0 813689455 318357210 0 0 0 261567019 813689455 538970587 261567019 538970587 0 0 538970587 813689455 0 538970587 0 538970587 261567019 261567019 0 921176748 0 0 261567019 261567019 538970587 921176748 261567019 0 261567019 261567019 261567019 813689455 261567019 538970587 0 318357210 261567019 318357210 261567019 921176748 0 0 813689455 0 921176748 0 921176748 261567019 921176748 0 261567019 0 261567019 0 0 813689455 0 0
0 921176748 538970587 0 0 0 261567019 921176748 0 0 921176748 0 538970587 0 813689455 921176748 538970587 0 261567019 0 0 0 0 921176748 0 0 318357210 538970587 0 0 921176748 538970587 318357210 0 0 813689455 318357210 921176748 0 538970587 921176748 0 921176748 813689455 261567019 813689455 0 921176748 0 261567019 0 0 0 0 0 0 0 0 921176748 318357210 0 318357210 538970587 0 0 0 261567019 0 813689455 813689455 0 261567019 921176748 318357210 0 0 0 0 0 0 538970587 0 538970587 318357210 261567019 0 0 318357210 0 0 813689455 0 0 0 261567019 318357210 921176748 261567019 0 0
318357210 0 0 318357210 0 0 261567019 0 538970587 0 538970587 0 538970587 0 0 318357210 538970587 538970587 0 318357210 0 921176748 813689455 0 0 0 0 0 0 0 921176748 0 261567019 538970587 0 0 261567019 0 813689455 813689455 0 0 813689455 0 0 0 261567019 318357210 0 0 921176748 0 813689455 538970587 813689455 921176748 921176748 0 0 921176748 921176748 0 261567019 261567019 0 0 921176748 318357210 921176748 538970587 318357210 0 813689455 538970587 318357210 0 0 921176748 813689455 261567019 0 261567019 261567019 0 0 261567019 538970587 0 538970587 813689455 921176748 538970587 0 0 0 813689455 0 0 813689455 0
0 813689455 0 921176748 261567019 261567019 0 318357210 538970587 0 813689455 261567019 318357210 261567019 0 0 0 538970587 318357210 921176748 538970587 0 261567019 318357210 921176748 813689455 813689455 538970587 0 0 0 0 0 813689455 813689455 318357210 0 0 0 0 538970587 318357210 921176748 0 0 538970587 0 921176748 0 813689455 921176748 0 0 0 921176748 0 0 921176748 261567019 538970587 538970587 318357210 538970587 0 261567019 538970587 318357210 0 538970587 0 261567019 0 813689455 0 0 0 261567019 0 921176748 0 0 921176748 318357210 0 813689455 261567019 0 538970587 261567019 318357210 921176748 0 0 813689455 813689455 261567019 0 0 261567019 813689455
318357210 813689455 318357210 0 0 318357210 921176748 318357210 538970587 0 318357210 0 0 0 538970587 921176748 0 0 813689455 0 538970587 318357210 0 261567019 261567019 318357210 921176748 318357210 318357210 0 0 538970587 261567019 0 921176748 0 538970587 813689455 0 538970587 813689455 0 318357210 0 0 813689455 921176748 0 0 318357210 0 0 0 538970587 0 318357210 0 921176748 0 813689455 813689455 0 0 0 0 538970587 0 0 538970587 261567019 921176748 261567019 921176748 318357210 318357210 0 261567019 0 0 261567019 0 813689455 0 261567019 0 0 0 318357210 261567019 921176748 0 261567019 0 921176748 921176748 0 0 813689455 0 0
0 0 0 0 813689455 0 261567019 0 0 261567019 538970587 921176748 261567019 0 0 813689455 813689455 0 0 0 261567019 261567019 0 318357210 813689455 261567019 921176748 0 813689455 318357210 538970587 0 813689455 538970587 0 261567019 538970587 538970587 813689455 921176748 261567019 0 538970587 0 813689455 538970587 0 0 813689455 318357210 538970587 813689455 813689455 261567019 921176748 0 0 261567019 261567019 0 813689455 261567019 813689455 261567019 261567019 0 813689455 261567019 0 0 0 921176748 0 0 0 261567019 261567019 921176748 0 261567019 538970587 0 0 0 0 813689455 318357210 0 0 0 538970587 921176748 0 0 921176748 538970587 318357210 538970587 813689455 538970587
0 0 0 0 0 921176748 0 921176748 538970587 318357210 0 813689455 318357210 0 921176748 921176748 0 0 0 921176748 0 813689455 261567019 0 0 0 261567019 813689455 261567019 0 318357210 318357210 0 921176748 0 0 318357210 0 0 921176748 0 0 0 0 318357210 0 0 813689455 0 921176748 0 813689455 0 318357210 0 0 0 538970587 0 318357210 0 0 261567019 538970587 538970587 0 261567019 813689455 921176748 0 813689455 318357210 318357210 813689455 261567019 813689455 261567019 261567019 813689455 0 0 0 0 261567019 0 921176748 813689455 318357210 0 318357210 318357210 0 0 0 0 0 0 921176748 921176748 0
261567019 318357210 813689455 0 538970587 921176748 0 0 261567019 261567019 813689455 318357210 0 0 813689455 813689455 538970587 0 0 0 0 318357210 538970587 0 538970587 0 0 261567019 261567019 0 318357210 813689455 318357210 538970587 0 318357210 0 0 0 261567019 921176748 318357210 813689455 0 0 921176748 0 0 0 0 0 261567019 0 261567019 0 0 0 318357210 0 538970587 261567019 261567019 0 0 813689455 318357210 813689455 318357210 0 318357210 921176748 0 813689455 261567019 0 318357210 0 921176748 0 261567019 0 813689455 0 921176748 0 0 0 0 813689455 0 813689455 0 0 538970587 538970587 538970587 0 813689455 0 0
0 0 0 0 261567019 0 538970587 921176748 0 813689455 0 813689455 0 538970587 0 921176748 538970587 0 0 0 813689455 0 0 261567019 538970587 921176748 538970587 0 261567019 0 318357210 538970587 0 0 0 0 261567019 0 0 0 0 921176748 0 0 261567019 0 0 0 0 813689455 0 0 0 0 318357210 921176748 318357210 0 261567019 0 538970587 0 0 261567019 538970587 318357210 0 0 538970587 813689455 0 0 0 0 538970587 318357210 0 0 318357210 0 261567019 0 0 813689455 921176748 0 813689455 0 0 318357210 261567019 538970587 0 538970587 813689455 0 318357210 921176748 538970587 538970587
0 0 0 0 0 0 0 538970587 921176748 921176748 261567019 318357210 813689455 0 538970587 318357210 0 261567019 261567019 921176748 0 0 921176748 0 813689455 0 813689455 0 0 0 0 538970587 0 538970587 0 0 813689455 538970587 0 0 538970587 0 0 0 318357210 538970587 813689455 921176748 0 0 0 0 318357210 538970587 0 0 0 813689455 0 921176748 0 538970587 813689455 813689455 0 261567019 538970587 318357210 921176748 318357210 0 813689455 0 538970587 0 0 0 318357210 318357210 0 538970587 813689455 538970587 318357210 0 921176748 538970587 0 0 813689455 318357210 0 0 813689455 538970587 538970587 921176748 0 318357210 0
0 921176748 318357210 0 813689455 921176748 921176748 813689455 0 538970587 813689455 318357210 0 813689455 0 0 0 813689455 0 813689455 0 0 538970587 0 318357210 538970587 0 921176748 0 538970587 0 538970587 921176748 0 318357210 318357210 318357210 0 318357210 538970587 813689455 0 0 318357210 0 921176748 0 0 318357210 0 318357210 921176748 0 318357210 0 0 0 261567019 0 261567019 921176748 318357210 921176748 538970587 921176748 0 0 921176748 261567019 0 813689455 538970587 538970587 813689455 0 0 0 813689455 0 0 0 0 0 0 0 0 0 318357210 318357210 318357210 0 0 318357210 0 0 538970587 538970587 318357210 0 921176748
813689455 813689455 261567019 921176748 0 0 0 0 0 318357210 0 261567019 318357210 921176748 538970587 538970587 921176748 318357210 921176748 0 538970587 318357210 261567019 921176748 0 261567019 0 0 318357210 0 813689455 0 0 0 0 0 921176748 0 0 0 0 813689455 0 0 538970587 261567019 0 0 261567019 813689455 0 813689455 261567019 0 318357210 0 318357210 0 921176748 538970587 921176748 921176748 0 261567019 0 0 0 0 538970587 318357210 318357210 0 538970587 0 261567019 0 261567019 921176748 0 0 0 261567019 813689455 813689455 0 813689455 0 0 0 0 538970587 0 261567019 538970587 0 538970587 0 0 0 0
813689455 0 921176748 261567019 0 0 0 921176748 261567019 0 0 0 0 0 0 0 538970587 0 0 0 0 0 0 0 0 318357210 0 0 0 813689455 0 0 538970587 318357210 921176748 318357210 0 0 921176748 538970587 261567019 0 0 318357210 0 813689455 318357210 538970587 538970587 0 261567019 813689455 0 0 813689455 0 0 0 813689455 921176748 0 538970587 921176748 813689455 0 0 0 0 813689455 261567019 0 0 921176748 261567019 813689455 813689455 0 261567019 318357210 0 813689455 0 921176748 318357210 0 921176748 813689455 318357210 0 0 813689455 0 0 0 0 0 0 0 921176748 0
538970587 0 261567019 318357210 0 921176748 921176748 0 0 0 0 0 0 0 261567019 0 921176748 0 261567019 813689455 0 0 0 318357210 0 813689455 0 813689455 0 261567019 0 813689455 538970587 0 0 813689455 0 921176748 0 813689455 921176748 261567019 921176748 318357210 538970587 318357210 318357210 813689455 318357210 0 0 0 0 0 0 318357210 813689455 0 261567019 0 0 0 0 0 0 0 0 0 261567019 921176748 921176748 921176748 813689455 0 0 0 0 318357210 538970587 813689455 538970587 0 0 921176748 813689455 0 318357210 318357210 921176748 813689455 0 0 261567019 921176748 0 0 0 813689455 0 538970587
0 0 0 0 0 813689455 921176748 0 0 318357210 261567019 318357210 0 0 538970587 813689455 921176748 0 538970587 0 538970587 0 0 0 0 538970587 0 261567019 538970587 0 0 813689455 538970587 0 0 0 261567019 261567019 0 0 0 0 0 318357210 0 538970587 0 0 261567019 0 813689455 921176748 538970587 921176748 261567019 318357210 0 0 0 0 318357210 0 0 538970587 0 261567019 318357210 538970587 0 0 318357210 0 0 0 261567019 0 0 813689455 0 0 0 318357210 921176748 261567019 813689455 921176748 538970587 0 261567019 0 0 0 538970587 538970587 0 318357210 0 261567019 0 538970587
318357210 0 813689455 261567019 0 0 261567019 813689455 0 0 538970587 0 0 0 538970587 538970587 0 0 318357210 0 813689455 813689455 0 0 318357210 318357210 261567019 318357210 318357210 813689455 538970587 261567019 318357210 538970587 0 538970587 261567019 0 0 0 0 0 813689455 318357210 921176748 813689455 921176748 0 0 538970587 813689455 813689455 0 0 0 0 813689455 261567019 921176748 0 0 0 0 0 538970587 0 921176748 0 0 318357210 0 813689455 0 0 0 0 0 0 0 0 318357210 0 0 0 261567019 261567019 0 318357210 813689455 318357210 538970587 318357210 0 0 921176748 0 921176748 0 538970587 921176748
0 538970587 0 0 538970587 921176748 318357210 0 261567019 813689455 318357210 0 0 813689455 921176748 0 813689455 261567019 0 261567019 813689455 261567019 813689455 0 921176748 0 0 921176748 0 0 0 0 0 813689455 0 921176748 318357210 0 261567019 0 0 0 318357210 0 261567019 261567019 0 813689455 0 921176748 0 0 0 0 318357210 261567019 538970587 0 813689455 0 318357210 921176748 0 538970587 921176748 0 538970587 0 921176748 261567019 538970587 0 0 921176748 0 318357210 0 0 538970587 0 0 0 0 921176748 261567019 318357210 538970587 921176748 0 538970587 0 921176748 921176748 0 921176748 0 0 0 0 0
921176748 0 0 0 538970587 813689455 0 0 0 0 0 813689455 538970587 0 813689455 0 0 921176748 538970587 921176748 0 538970587 0 0 0 0 318357210 538970587 0 813689455 921176748 538970587 318357210 813689455 813689455 0 538970587 538970587 0 0 0 921176748 318357210 261567019 921176748 261567019 921176748 0 0 921176748 0 0 0 813689455 921176748 813689455 921176748 0 813689455 0 813689455 0 921176748 921176748 0 0 0 0 538970587 0 0 261567019 0 0 318357210 538970587 0 813689455 921176748 318357210 318357210 261567019 921176748 0 0 0 261567019 0 261567019 813689455 318357210 813689455 0 921176748 921176748 921176748 813689455 813689455 538970587 261567019
0 921176748 813689455 0 813689455 0 0 0 0 261567019 538970587 921176748 813689455 0 0 538970587 0 538970587 261567019 538970587 0 0 0 921176748 921176748 0 813689455 0 0 0 0 813689455 0 0 0 318357210 0 813689455 921176748 0 0 318357210 0 0 0 0 921176748 0 921176748 538970587 0 0 0 813689455 0 261567019 0 261567019 921176748 538970587 0 0 0 261567019 318357210 538970587 261567019 318357210 0 318357210 0 921176748 0 813689455 0 318357210 0 921176748 0 0 318357210 0 0 0 0 0 261567019 0 0 0 0 0 538970587 0 0 813689455 0 261567019 0 813689455
0 261567019 921176748 538970587 0 538970587 813689455 538970587 813689455 261567019 538970587 0 0 318357210 921176748 921176748 261567019 0 813689455 0 318357210 0 0 0 538970587 0 261567019 813689455 261567019 813689455 318357210 813689455 921176748 0 0 0 813689455 0 0 0 921176748 0 921176748 813689455 0 0 0 0 0 0 0 318357210 0 0 538970587 921176748 921176748 0 0 0 0 0 261567019 538970587 0 318357210 0 0 0 318357210 0 0 0 0 0 813689455 0 0 318357210 813689455 0 813689455 538970587 0 0 0 538970587 0 261567019 0 0 538970587 0 0 261567019 0 0 0 813689455 0
921176748 813689455 0 261567019 0 0 0 921176748 0 0 0 0 318357210 0 0 0 0 0 0 318357210 0 0 0 261567019 261567019 0 318357210 921176748 318357210 318357210 921176748 318357210 0 261567019 0 0 0 0 318357210 318357210 813689455 813689455 0 0 0 0 0 538970587 813689455 318357210 0 0 813689455 0 921176748 921176748 813689455 261567019 813689455 0 538970587 0 921176748 261567019 0 0 921176748 0 813689455 0 0 0 813689455 0 0 0 0 0 813689455 0 0 0 261567019 261567019 0 261567019 0 261567019 0 261567019 0 0 0 0 0 813689455 0 0 318357210 318357210
0 813689455 261567019 318357210 813689455 261567019 0 538970587 0 813689455 261567019 318357210 0 318357210 0 921176748 921176748 261567019 0 0 813689455 0 0 0 0 0 538970587 538970587 261567019 921176748 538970587 0 0 921176748 0 318357210 261567019 813689455 0 0 261567019 0 0 0 0 813689455 0 318357210 0 921176748 0 0 318357210 0 0 318357210 318357210 921176748 921176748 538970587 318357210 0 813689455 538970587 261567019 0 538970587 538970587 538970587 921176748 261567019 813689455 0 0 538970587 538970587 0 0 0 0 538970587 0 261567019 261567019 538970587 261567019 0 0 261567019 538970587 0 0 318357210 261567019 318357210 0 813689455 0 0 0
538970587 318357210 0 0 0 0 921176748 0 0 0 0 0 0 921176748 0 538970587 813689455 921176748 261567019 318357210 0 0 261567019 261567019 0 318357210 318357210 0 0 318357210 0 0 318357210 538970587 813689455 538970587 0 0 0 261567019 261567019 921176748 261567019 261567019 0 261567019 0 0 0 0 261567019 538970587 813689455 0 318357210 921176748 0 921176748 813689455 0 318357210 0 538970587 0 0 0 0 0 318357210 0 921176748 0 261567019 0 813689455 0 538970587 0 538970587 0 0 0 813689455 813689455 921176748 261567019 921176748 0 538970587 261567019 0 813689455 0 0 0 921176748 318357210 0 0 0
921176748 318357210 318357210 0 261567019 921176748 261567019 0 0 0 0 538970587 0 261567019 538970587 538970587 0 0 0 0 0 0 0 0 813689455 813689455 318357210 0 813689455 538970587 0 0 261567019 318357210 0 538970587 0 921176748 921176748 318357210 0 0 921176748 0 0 921176748 0 813689455 318357210 921176748 538970587 0 261567019 921176748 261567019 0 0 0 0 261567019 538970587 318357210 813689455 0 0 0 0 318357210 0 0 318357210 318357210 318357210 0 0 261567019 813689455 0 813689455 0 261567019 0 0 921176748 0 261567019 921176748 921176748 921176748 0 0 813689455 0 318357210 0 0 813689455 0 813689455 0
0 261567019 538970587 0 0 813689455 318357210 921176748 921176748 0 318357210 538970587 0 813689455 261567019 0 0 0 813689455 921176748 0 0 538970587 0 261567019 318357210 318357210 921176748 0 261567019 0 318357210 318357210 921176748 318357210 0 921176748 0 0 0 538970587 0 538970587 0 0 0 261567019 0 0 0 318357210 0 538970587 0 318357210 0 0 921176748 813689455 0 813689455 0 0 261567019 813689455 538970587 0 0 0 538970587 921176748 318357210 318357210 813689455 318357210 921176748 0 261567019 0 0 921176748 813689455 0 0 538970587 813689455 0 0 813689455 0 261567019 318357210 0 261567019 538970587 0 318357210 0 0 921176748
0 261567019 813689455 0 318357210 538970587 318357210 0 0 0 0 0 0 0 318357210 0 538970587 921176748 0 261567019 921176748 921176748 0 813689455 0 813689455 261567019 0 0 0 813689455 921176748 0 318357210 0 0 0 261567019 261567019 0 813689455 921176748 0 921176748 813689455 0 0 0 0 318357210 261567019 0 0 813689455 0 318357210 318357210 0 318357210 0 0 318357210 0 261567019 0 813689455 813689455 921176748 538970587 538970587 0 318357210 813689455 0 538970587 538970587 0 261567019 921176748 0 0 0 0 813689455 0 0 921176748 0 813689455 921176748 0 921176748 0 261567019 318357210 0 0 318357210 0 0
318357210 0 261567019 0 318357210 538970587 0 921176748 921176748 921176748 261567019 0 813689455 318357210 538970587 921176748 921176748 0 0 0 0 261567019 538970587 538970587 0 0 0 0 318357210 0 0 0 538970587 921176748 0 538970587 0 0 0 0 0 0 921176748 318357210 921176748 0 813689455 0 0 0 538970587 0 538970587 813689455 0 0 538970587 538970587 318357210 0 261567019 0 0 0 921176748 261567019 0 813689455 0 0 921176748 318357210 0 318357210 0 0 318357210 0 0 0 921176748 0 0 0 813689455 0 0 0 0 921176748 261567019 0 538970587 261567019 0 538970587 538970587 0 0 0
0 318357210 921176748 0 0 261567019 0 261567019 0 0 0 0 813689455 921176748 0 921176748 538970587 0 0 0 0 318357210 538970587 0 0 538970587 0 921176748 0 538970587 813689455 318357210 813689455 261567019 921176748 0 0 538970587 0 0 318357210 0 0 0 813689455 261567019 0 0 0 0 813689455 0 538970587 261567019 921176748 0 0 0 0 0 0 0 0 0 0 0 0 318357210 0 0 921176748 813689455 0 0 0 0 0 0 0 0 813689455 261567019 0 538970587 0 0 0 813689455 0 318357210 0 538970587 318357210 0 0 318357210 318357210 0 0 813689455
0 0 0 813689455 261567019 0 0 261567019 261567019 0 0 0 0 921176748 261567019 0 0 0 261567019 0 0 813689455 921176748 921176748 0 921176748 0 921176748 538970587 813689455 0 0 921176748 0 538970587 318357210 0 0 0 0 0 0 0 0 0 0 261567019 0 921176748 0 0 318357210 0 0 0 921176748 0 0 921176748 0 318357210 0 0 0 538970587 0 921176748 261567019 0 261567019 0 921176748 0 921176748 921176748 318357210 261567019 261567019 921176748 0 0 318357210 813689455 0 261567019 0 0 0 318357210 318357210 0 921176748 0 0 813689455 0 0 813689455 0 318357210
318357210 0 0 0 921176748 0 0 0 538970587 0 0 0 0 538970587 538970587 0 0 0 318357210 813689455 0 0 0 921176748 318357210 813689455 0 0 921176748 0 0 0 0 0 538970587 538970587 261567019 0 538970587 318357210 261567019 813689455 813689455 318357210 0 318357210 261567019 921176748 0 0 538970587 0 261567019 318357210 0 813689455 0 921176748 921176748 921176748 921176748 538970587 261567019 0 0 921176748 318357210 813689455 0 0 261567019 0 261567019 921176748 538970587 0 0 921176748 261567019 813689455 0 261567019 538970587 261567019 0 0 0 921176748 813689455 0 813689455 921176748 261567019 0 0 261567019 0 318357210 538970587 318357210
0 0 538970587 0 0 318357210 0 0 318357210 538970587 0 261567019 0 0 0 0 0 0 261567019 0 0 0 0 261567019 0 538970587 0 318357210 0 0 0 0 0 0 318357210 0 0 0 0 0 538970587 318357210 0 0 921176748 0 921176748 538970587 0 921176748 813689455 538970587 921176748 0 0 0 0 0 0 921176748 538970587 0 813689455 921176748 0 0 318357210 813689455 538970587 0 261567019 0 0 813689455 0 813689455 261567019 0 0 0 0 0 921176748 0 0 261567019 538970587 0 318357210 0 0 0 318357210 0 318357210 0 813689455 0 538970587 261567019
0 0 0 538970587 813689455 921176748 0 0 538970587 921176748 0 813689455 261567019 0 813689455 0 0 0 0 318357210 813689455 318357210 813689455 261567019 0 0 261567019 0 0 261567019 261567019 0 0 261567019 921176748 813689455 0 318357210 921176748 813689455 0 0 261567019 813689455 921176748 318357210 0 318357210 813689455 538970587 0 538970587 0 0 261567019 538970587 261567019 0 0 921176748 0 538970587 0 261567019 0 0 0 813689455 0 0 318357210 0 0 538970587 0 0 813689455 0 0 261567019 261567019 921176748 813689455 0 0 0 813689455 261567019 538970587 0 0 0 0 538970587 0 0 813689455 0 318357210 261567019
0 0 261567019 0 538970587 0 813689455 0 0 813689455 813689455 813689455 0 0 0 261567019 261567019 0 0 0 921176748 261567019 261567019 318357210 0 0 261567019 0 0 0 0 538970587 0 261567019 813689455 813689455 0 813689455 921176748 0 0 318357210 0 0 813689455 921176748 261567019 0 921176748 538970587 0 261567019 0 318357210 0 0 921176748 921176748 0 0 0 318357210 0 813689455 813689455 261567019 0 538970587 0 921176748 261567019 0 0 538970587 538970587 0 0 318357210 538970587 0 261567019 0 318357210 0 0 0 261567019 261567019 0 538970587 538970587 0 538970587 318357210 0 0 813689455 318357210 0 813689455
0 813689455 261567019 318357210 261567019 261567019 921176748 0 0 0 0 0 0 0 318357210 0 0 0 318357210 261567019 0 0 0 0 538970587 0 0 813689455 261567019 813689455 0 813689455 318357210 0 0 813689455 318357210 0 921176748 0 318357210 0 0 0 0 0 0 318357210 0 0 0 538970587 0 318357210 0 0 0 0 318357210 0 261567019 0 318357210 0 813689455 538970587 261567019 0 318357210 0 318357210 0 261567019 261567019 813689455 0 813689455 921176748 261567019 813689455 813689455 0 0 0 921176748 0 0 261567019 0 318357210 0 0 0 921176748 921176748 538970587 538970587 813689455 538970587 0
0 921176748 813689455 0 318357210 0 261567019 0 0 538970587 921176748 538970587 0 921176748 921176748 261567019 0 0 261567019 0 813689455 0 813689455 0 0 538970587 0 921176748 538970587 538970587 538970587 0 921176748 538970587 0 813689455 0 0 0 813689455 0 318357210 261567019 261567019 0 0 261567019 0 813689455 261567019 0 813689455 318357210 0 538970587 261567019 0 0 921176748 261567019 813689455 0 921176748 0 318357210 0 813689455 0 0 921176748 0 0 0 261567019 261567019 813689455 0 318357210 813689455 921176748 538970587 318357210 318357210 538970587 0 0 0 538970587 813689455 813689455 0 538970587 0 0 538970587 538970587 0 921176748 0 0
0 261567019 538970587 0 813689455 318357210 538970587 813689455 0 0 261567019 538970587 921176748 921176748 0 813689455 813689455 813689455 0 0 318357210 921176748 0 0 813689455 0 538970587 0 0 0 921176748 318357210 813689455 0 921176748 0 0 0 813689455 813689455 538970587 921176748 0 261567019 538970587 538970587 0 0 0 0 0 0 261567019 921176748 261567019 318357210 538970587 538970587 0 0 318357210 0 261567019 538970587 0 318357210 0 538970587 0 261567019 921176748 0 0 0 318357210 0 538970587 0 0 0 0 0 921176748 0 0 0 0 538970587 813689455 0 0 318357210 0 813689455 0 0 921176748 0 0 0
538970587 318357210 0 538970587 0 538970587 318357210 0 0 813689455 261567019 813689455 0 0 318357210 318357210 0 0 261567019 0 0 0 0 318357210 261567019 538970587 538970587 318357210 0 538970587 0 0 538970587 921176748 0 0 538970587 813689455 0 813689455 921176748 538970587 0 0 0 261567019 0 921176748 261567019 813689455 813689455 813689455 318357210 921176748 261567019 921176748 0 0 0 813689455 0 318357210 921176748 538970587 318357210 318357210 318357210 318357210 538970587 261567019 538970587 0 813689455 0 921176748 0 921176748 813689455 921176748 813689455 0 0 0 813689455 261567019 318357210 538970587 261567019 318357210 0 0 0 538970587 921176748 0 921176748 0 0 538970587 921176748
538970587 921176748 0 813689455 813689455 0 0 0 318357210 318357210 0 0 813689455 0 0 921176748 0 0 921176748 261567019 0 813689455 318357210 318357210 0 261567019 0 0 0 0 0 0 538970587 0 921176748 0 318357210 0 813689455 0 0 318357210 0 0 921176748 0 318357210 921176748 0 538970587 0 921176748 0 0 0 0 921176748 921176748 813689455 921176748 0 538970587 0 538970587 813689455 0 0 921176748 318357210 0 261567019 921176748 261567019 813689455 0 0 921176748 0 538970587 0 921176748 318357210 0 0 0 538970587 921176748 0 0 921176748 0 921176748 0 921176748 0 0 318357210 0 318357210 813689455
0 261567019 0 0 0 921176748 921176748 813689455 261567019 0 0 0 0 0 0 261567019 921176748 813689455 538970587 318357210 318357210 0 0 921176748 813689455 0 538970587 318357210 261567019 0 261567019 0 0 0 921176748 538970587 0 0 0 813689455 261567019 0 0 921176748 261567019 261567019 0 0 261567019 813689455 318357210 261567019 0 318357210 813689455 318357210 318357210 0 921176748 0 318357210 261567019 0 813689455 813689455 0 0 0 921176748 0 318357210 0 0 0 0 538970587 813689455 0 921176748 0 813689455 0 0 0 0 0 921176748 318357210 318357210 0 0 921176748 261567019 318357210 0 0 318357210 0 813689455 0
0 813689455 0 813689455 0 921176748 0 921176748 921176748 261567019 538970587 0 0 0 0 0 0 813689455 0 0 921176748 0 0 921176748 921176748 0 318357210 813689455 261567019 261567019 813689455 813689455 0 0 318357210 261567019 0 538970587 318357210 0 0 0 261567019 0 0 0 0 318357210 318357210 261567019 0 0 921176748 0 261567019 0 0 0 318357210 0 538970587 0 318357210 538970587 538970587 0 0 0 261567019 0 0 0 538970587 0 318357210 538970587 538970587 921176748 0 0 318357210 318357210 0 813689455 921176748 0 0 318357210 0 921176748 318357210 813689455 0 538970587 0 921176748 538970587 261567019 538970587 921176748
261567019 0 261567019 0 0 921176748 538970587 318357210 318357210 538970587 813689455 921176748 0 0 318357210 813689455 813689455 0 0 921176748 813689455 261567019 0 0 921176748 0 261567019 261567019 0 0 0 813689455 538970587 0 921176748 921176748 0 0 0 921176748 261567019 0 0 0 813689455 0 0 0 813689455 0 261567019 0 538970587 0 0 538970587 318357210 0 0 261567019 318357210 0 921176748 261567019 0 0 0 0 538970587 0 538970587 0 538970587 261567019 538970587 0 0 0 261567019 261567019 0 318357210 261567019 0 318357210 0 0 261567019 538970587 0 921176748 318357210 813689455 0 813689455 318357210 318357210 0 261567019 0
0 0 261567019 921176748 0 921176748 261567019 921176748 318357210 0 318357210 0 0 0 538970587 0 0 0 0 0 921176748 261567019 0 318357210 261567019 0 318357210 813689455 813689455 0 0 0 318357210 813689455 921176748 813689455 921176748 318357210 0 0 0 0 813689455 261567019 0 261567019 813689455 0 318357210 0 0 0 261567019 813689455 538970587 261567019 0 0 261567019 538970587 0 0 318357210 261567019 0 921176748 261567019 538970587 261567019 921176748 0 318357210 0 538970587 0 318357210 813689455 0 0 0 0 538970587 538970587 538970587 813689455 0 0 0 0 921176748 0 0 813689455 921176748 261567019 0 0 921176748 0 0
0 261567019 0 813689455 538970587 921176748 813689455 0 0 538970587 921176748 261567019 921176748 813689455 921176748 0 538970587 921176748 0 813689455 318357210 0 261567019 921176748 0 261567019 0 0 813689455 318357210 538970587 538970587 0 921176748 318357210 921176748 318357210 921176748 0 0 261567019 318357210 0 0 813689455 0 813689455 0 813689455 0 813689455 813689455 318357210 921176748 318357210 261567019 261567019 0 318357210 538970587 261567019 0 538970587 921176748 921176748 0 921176748 0 0 261567019 0 813689455 318357210 318357210 0 0 0 261567019 0 538970587 0 0 0 0 0 0 0 813689455 0 0 538970587 0 0 318357210 0 0 921176748 0 813689455 0
0 538970587 0 813689455 0 0 0 813689455 261567019 538970587 261567019 0 261567019 318357210 921176748 921176748 0 813689455 0 0 921176748 538970587 318357210 0 0 0 0 0 0 0 0 0 0 0 813689455 318357210 261567019 921176748 813689455 0 0 0 0 813689455 318357210 318357210 921176748 0 0 261567019 538970587 813689455 261567019 538970587 0 538970587 813689455 538970587 813689455 318357210 0 921176748 261567019 921176748 0 0 261567019 0 0 813689455 813689455 0 0 538970587 0 538970587 261567019 318357210 921176748 538970587 0 0 0 261567019 318357210 538970587 0 261567019 813689455 261567019 318357210 0 0 0 813689455 0 0 318357210 813689455 318357210
261567019 318357210 0 261567019 0 318357210 0 261567019 921176748 0 813689455 318357210 0 0 0 0 813689455 0 0 921176748 538970587 813689455 318357210 0 0 0 813689455 318357210 0 0 0 921176748 261567019 261567019 261567019 0 0 0 921176748 813689455 0 0 0 813689455 0 0 813689455 0 538970587 538970587 0 0 0 261567019 921176748 261567019 261567019 261567019 0 318357210 921176748 538970587 0 261567019 813689455 0 0 0 0 0 921176748 813689455 318357210 0 538970587 921176748 0 0 0 261567019 813689455 261567019 813689455 0 0 0 0 0 0 261567019 0 921176748 0 0 0 538970587 0 0 0 261567019
0 538970587 0 0 0 0 538970587 261567019 0 0 0 0 0 813689455 0 813689455 0 0 0 0 0 921176748 0 0 538970587 0 921176748 0 0 813689455 538970587 921176748 0 921176748 0 813689455 0 0 538970587 261567019 921176748 0 538970587 538970587 318357210 538970587 0 0 0 921176748 813689455 921176748 538970587 0 0 538970587 0 0 0 0 813689455 813689455 921176748 318357210 0 921176748 921176748 0 0 0 0 261567019 0 813689455 261567019 261567019 0 318357210 318357210 318357210 0 921176748 0 813689455 0 0 0 813689455 318357210 0 0 813689455 318357210 538970587 0 921176748 0 0 318357210 0
0 318357210 0 0 318357210 0 921176748 0 813689455 0 261567019 0 813689455 921176748 813689455 0 538970587 318357210 318357210 538970587 318357210 813689455 538970587 921176748 921176748 261567019 0 813689455 0 0 0 318357210 0 0 538970587 318357210 0 921176748 0 0 0 813689455 813689455 538970587 0 0 0 538970587 921176748 318357210 0 0 261567019 0 0 0 318357210 0 538970587 921176748 538970587 0 538970587 0 538970587 0 0 318357210 261567019 0 0 813689455 261567019 261567019 261567019 0 0 0 0 921176748 538970587 0 261567019 0 0 318357210 921176748 921176748 0 0 538970587 813689455 0 261567019 0 318357210 0 261567019 318357210 261567019
0 813689455 0 0 0 921176748 921176748 538970587 0 0 0 0 538970587 261567019 0 0 318357210 0 0 0 0 0 813689455 318357210 921176748 0 0 318357210 921176748 318357210 0 538970587 0 261567019 261567019 921176748 921176748 0 318357210 813689455 0 921176748 813689455 0 0 0 0 921176748 921176748 813689455 921176748 0 0 0 0 0 0 921176748 0 813689455 0 261567019 261567019 813689455 813689455 0 0 318357210 0 261567019 0 813689455 0 0 538970587 813689455 813689455 813689455 921176748 921176748 0 261567019 813689455 0 813689455 318357210 0 0 318357210 0 538970587 0 0 0 0 318357210 538970587 318357210 318357210 0
0 318357210 538970587 813689455 318357210 0 0 261567019 538970587 538970587 318357210 813689455 318357210 0 0 0 538970587 261567019 0 813689455 813689455 0 538970587 0 318357210 0 318357210 0 921176748 318357210 0 0 0 0 0 318357210 813689455 318357210 0 0 318357210 0 921176748 813689455 0 318357210 0 261567019 0 0 921176748 0 0 318357210 0 813689455 813689455 0 261567019 813689455 813689455 261567019 538970587 538970587 0 318357210 318357210 538970587 0 0 318357210 813689455 813689455 261567019 813689455 0 0 261567019 813689455 813689455 0 0 921176748 318357210 0 0 921176748 0 921176748 261567019 0 538970587 318357210 0 318357210 538970587 0 0 261567019 0
921176748 0 0 921176748 813689455 0 813689455 0 813689455 318357210 318357210 538970587 813689455 921176748 0 0 261567019 921176748 318357210 0 0 0 0 921176748 0 921176748 921176748 0 538970587 921176748 0 261567019 538970587 0 813689455 0 0 261567019 538970587 0 0 813689455 0 0 0 0 813689455 0 0 0 0 261567019 0 0 0 0 813689455 0 813689455 261567019 318357210 921176748 261567019 813689455 261567019 318357210 0 0 0 813689455 0 813689455 318357210 0 813689455 0 318357210 538970587 0 0 261567019 813689455 813689455 0 0 0 921176748 0 538970587 318357210 921176748 813689455 261567019 0 0 318357210 921176748 0 0 0
538970587 261567019 0 318357210 538970587 0 921176748 0 0 0 0 318357210 0 813689455 261567019 0 0 0 0 0 0 0 318357210 261567019 0 0 538970587 0 0 318357210 261567019 0 0 921176748 0 538970587 538970587 0 0 318357210 921176748 318357210 538970587 261567019 0 0 0 318357210 318357210 318357210 0 318357210 0 261567019 0 261567019 813689455 0 261567019 0 261567019 0 0 0 0 0 538970587 0 921176748 261567019 921176748 813689455 0 813689455 0 0 538970587 538970587 0 538970587 0 0 0 261567019 261567019 538970587 813689455 0 318357210 0 0 0 0 318357210 0 318357210 538970587 0 0 0
261567019 0 0 538970587 0 813689455 318357210 318357210 0 921176748 0 538970587 0 0 0 0 0 0 0 261567019 0 921176748 0 538970587 0 261567019 0 261567019 921176748 261567019 921176748 0 538970587 261567019 0 813689455 538970587 0 813689455 921176748 0 0 921176748 0 0 0 0 0 261567019 0 0 318357210 0 921176748 538970587 318357210 318357210 0 921176748 261567019 538970587 921176748 538970587 318357210 0 318357210 261567019 921176748 921176748 0 0 921176748 0 538970587 921176748 0 0 0 0 261567019 0 813689455 921176748 921176748 0 0 0 0 0 0 921176748 813689455 0 0 0 0 0 921176748 813689455 318357210
813689455 318357210 538970587 318357210 318357210 0 318357210 318357210 0 261567019 921176748 921176748 0 318357210 813689455 921176748 813689455 921176748 261567019 921176748 0 813689455 0 318357210 0 0 261567019 261567019 0 0 0 0 318357210 0 921176748 813689455 0 0 318357210 0 538970587 813689455 813689455 0 0 0 921176748 0 261567019 0 813689455 0 0 0 0 921176748 261567019 813689455 921176748 261567019 261567019 0 0 0 0 921176748 0 0 0 0 921176748 921176748 0 0 318357210 0 261567019 0 0 921176748 921176748 921176748 0 261567019 0 318357210 0 538970587 0 318357210 261567019 0 0 813689455 813689455 0 813689455 0 0 318357210
813689455 0 0 0 921176748 261567019 261567019 261567019 318357210 0 261567019 0 0 0 0 261567019 0 0 0 921176748 0 0 538970587 0 261567019 813689455 0 0 921176748 0 318357210 261567019 318357210 0 0 813689455 261567019 813689455 0 0 813689455 261567019 0 0 261567019 538970587 0 921176748 921176748 0 261567019 0 318357210 261567019 0 0 921176748 921176748 0 921176748 0 0 813689455 0 813689455 0 0 538970587 318357210 813689455 921176748 261567019 538970587 0 318357210 318357210 0 0 538970587 0 0 0 921176748 261567019 921176748 0 921176748 921176748 318357210 318357210 261567019 0 0 538970587 0 261567019 0 0 0 261567019
0 813689455 813689455 0 538970587 0 0 538970587 0 0 261567019 0 813689455 0 0 0 261567019 261567019 261567019 813689455 921176748 0 0 261567019 0 0 538970587 0 0 0 318357210 261567019 318357210 0 318357210 813689455 0 261567019 538970587 0 261567019 0 0 813689455 813689455 261567019 0 0 318357210 0 813689455 0 0 813689455 0 0 0 0 921176748 318357210 0 813689455 0 921176748 318357210 921176748 0 318357210 538970587 0 0 0 0 538970587 813689455 0 0 921176748 318357210 813689455 921176748 0 0 261567019 0 0 538970587 0 0 0 261567019 0 538970587 318357210 0 0 0 813689455 0 0
261567019 0 813689455 318357210 921176748 0 813689455 318357210 0 0 0 813689455 0 0 0 0 0 813689455 0 318357210 0 0 318357210 0 0 0 0 318357210 0 538970587 0 813689455 318357210 921176748 0 0 318357210 538970587 0 921176748 318357210 0 0 261567019 318357210 0 261567019 813689455 813689455 261567019 0 0 0 0 318357210 0 0 921176748 0 0 0 0 318357210 261567019 921176748 921176748 0 0 0 0 0 0 318357210 261567019 0 318357210 813689455 0 0 0 0 0 813689455 318357210 0 0 0 921176748 0 0 538970587 261567019 538970587 0 261567019 538970587 0 0 318357210 538970587
813689455 0 538970587 0 0 0 813689455 921176748 0 0 261567019 538970587 0 0 813689455 318357210 0 261567019 813689455 921176748 538970587 0 318357210 0 0 921176748 261567019 0 318357210 0 0 921176748 0 921176748 813689455 813689455 0 0 538970587 0 813689455 813689455 921176748 0 0 0 0 0 0 0 0 318357210 0 538970587 0 0 813689455 813689455 0 0 261567019 0 0 0 318357210 261567019 261567019 261567019 261567019 538970587 0 318357210 318357210 921176748 0 0 0 261567019 261567019 0 0 318357210 0 0 0 0 813689455 0 318357210 261567019 0 0 813689455 0 261567019 0 0 261567019 921176748 318357210
0 0 538970587 0 318357210 921176748 0 0 318357210 538970587 0 921176748 0 0 813689455 0 0 538970587 0 921176748 813689455 318357210 813689455 0 0 813689455 0 0 0 813689455 318357210 0 261567019 0 0 261567019 261567019 0 0 0 0 538970587 261567019 813689455 538970587 0 0 538970587 921176748 318357210 0 0 0 318357210 0 538970587 0 921176748 538970587 0 0 261567019 538970587 0 0 261567019 0 538970587 0 0 0 0 0 0 0 921176748 538970587 0 0 0 921176748 318357210 921176748 0 0 813689455 0 0 0 921176748 0 261567019 0 0 0 261567019 318357210 921176748 318357210 0
261567019 0 813689455 0 0 0 0 0 0 0 921176748 318357210 921176748 0 0 0 318357210 261567019 0 0 0 0 261567019 921176748 538970587 0 0 0 0 0 0 261567019 261567019 0 261567019 813689455 0 813689455 0 813689455 0 813689455 261567019 921176748 538970587 0 813689455 261567019 318357210 0 921176748 0 813689455 318357210 0 921176748 318357210 538970587 538970587 538970587 0 0 318357210 261567019 0 0 813689455 0 0 261567019 0 0 261567019 813689455 538970587 0 813689455 921176748 813689455 0 921176748 318357210 0 538970587 0 0 261567019 813689455 0 0 318357210 261567019 0 261567019 0 0 813689455 318357210 318357210 261567019
0 538970587 0 0 0 318357210 318357210 0 0 0 0 538970587 0 0 0 538970587 538970587 0 318357210 0 538970587 813689455 0 0 261567019 0 538970587 318357210 261567019 538970587 0 0 0 0 921176748 538970587 0 813689455 813689455 921176748 261567019 318357210 318357210 813689455 538970587 0 261567019 0 921176748 538970587 538970587 813689455 921176748 0 921176748 318357210 0 0 538970587 921176748 0 0 0 0 0 0 921176748 318357210 0 261567019 813689455 261567019 0 0 0 318357210 261567019 0 538970587 0 0 318357210 261567019 0 538970587 0 0 0 813689455 538970587 813689455 318357210 0 538970587 0 261567019 0 538970587 0 261567019
