100 2
858385675 662194585
562112840 858385675
506930926 12934365
981090943 662194585
981090943 506930926
240950592 981090943
699812680 662194585
506930926 662194585
506930926 858385675
12934365 562112840
240950592 858385675
699812680 153194780
496867341 12934365
153194780 506930926
662194585 562112840
496867341 506930926
981090943 662194585
496867341 496867341
662194585 240950592
699812680 153194780
981090943 12934365
12934365 506930926
662194585 562112840
981090943 506930926
562112840 858385675
858385675 981090943
12934365 506930926
662194585 153194780
562112840 240950592
12934365 562112840
496867341 981090943
153194780 858385675
153194780 699812680
12934365 662194585
858385675 562112840
858385675 153194780
662194585 662194585
662194585 562112840
506930926 240950592
858385675 153194780
153194780 662194585
496867341 240950592
240950592 981090943
699812680 506930926
12934365 562112840
240950592 240950592
153194780 562112840
240950592 981090943
981090943 699812680
699812680 981090943
0 506930926
240950592 699812680
699812680 153194780
506930926 0
562112840 12934365
662194585 981090943
12934365 562112840
153194780 981090943
981090943 662194585
699812680 496867341
496867341 506930926
240950592 0
858385675 496867341
12934365 981090943
240950592 562112840
240950592 562112840
981090943 153194780
12934365 153194780
981090943 662194585
506930926 562112840
699812680 496867341
496867341 506930926
506930926 496867341
506930926 12934365
699812680 562112840
699812680 496867341
981090943 496867341
0 240950592
981090943 981090943
858385675 153194780
662194585 662194585
858385675 240950592
240950592 981090943
662194585 12934365
506930926 496867341
240950592 506930926
981090943 858385675
153194780 981090943
496867341 153194780
858385675 981090943
12934365 153194780
662194585 562112840
506930926 858385675
562112840 562112840
699812680 662194585
506930926 506930926
12934365 506930926
562112840 12934365
496867341 858385675
496867341 12934365
