15 10
173610979 886058740 290173187 207942294 10919058 607746642 395579034 207942294 10919058 880655900
880655900 862051898 0 862051898 0 607746642 447342178 0 468396693 886058740
290173187 786714831 607746642 880655900 395579034 607746642 173610979 468396693 0 786714831
918197807 607746642 468396693 290173187 886058740 320662097 400574255 447342178 886058740 173610979
0 880655900 395579034 10919058 862051898 0 0 0 918197807 320662097
468396693 0 862051898 290173187 468396693 918197807 447342178 0 918197807 468396693
320662097 880655900 468396693 607746642 395579034 786714831 10919058 880655900 10919058 886058740
395579034 395579034 0 447342178 400574255 173610979 886058740 468396693 786714831 320662097
880655900 447342178 862051898 320662097 10919058 320662097 862051898 786714831 918197807 880655900
207942294 880655900 10919058 400574255 862051898 886058740 395579034 607746642 290173187 0
468396693 447342178 468396693 395579034 786714831 468396693 10919058 400574255 447342178 607746642
290173187 320662097 918197807 886058740 918197807 886058740 447342178 862051898 400574255 0
290173187 400574255 447342178 207942294 173610979 918197807 886058740 880655900 607746642 173610979
786714831 862051898 0 880655900 786714831 173610979 880655900 320662097 447342178 786714831
447342178 320662097 173610979 0 786714831 10919058 886058740 395579034 10919058 447342178
