880 3
211 -1000
98 -999
8 -998
897 -997
521 -996
567 -995
328 -994
838 -993
992 -992
54 -991
982 -990
83 -989
458 -988
752 -987
780 -986
699 -985
619 -984
228 -983
402 -982
648 -981
768 -980
837 -979
884 -978
743 -977
808 -976
701 -975
666 -974
520 -973
915 -972
285 -971
349 -970
977 -969
23 -968
88 -967
186 -966
942 -965
700 -964
360 -963
165 -962
502 -961
916 -960
901 -959
133 -958
253 -957
822 -956
404 -955
871 -954
785 -953
423 -952
576 -951
198 -950
548 -949
988 -948
645 -947
401 -946
80 -945
600 -944
99 -943
78 -942
394 -941
596 -940
974 -939
659 -938
942 -937
444 -936
286 -935
662 -934
140 -933
369 -932
92 -931
513 -930
263 -929
125 -928
854 -927
59 -926
959 -925
234 -924
717 -923
686 -922
719 -921
1000 -920
470 -919
76 -918
205 -917
20 -916
562 -915
817 -914
304 -913
201 -912
122 -911
86 -910
964 -909
139 -908
201 -907
30 -906
95 -905
344 -904
731 -903
980 -902
146 -901
13 -900
416 -899
204 -898
638 -897
254 -896
729 -895
882 -894
78 -893
91 -892
640 -891
108 -890
228 -889
720 -888
802 -887
797 -886
983 -885
274 -884
270 -883
940 -882
160 -881
245 -880
393 -879
594 -878
254 -877
19 -876
737 -875
49 -874
827 -873
73 -872
111 -871
962 -870
528 -869
363 -868
291 -867
220 -866
673 -865
814 -864
655 -863
969 -862
971 -861
284 -860
728 -859
324 -858
437 -857
710 -856
925 -855
392 -854
67 -853
119 -852
408 -851
771 -850
796 -849
213 -848
518 -847
675 -846
853 -845
43 -844
22 -843
573 -842
654 -841
786 -840
337 -839
889 -838
242 -837
290 -836
992 -835
765 -834
929 -833
420 -832
598 -831
694 -830
461 -829
162 -828
888 -827
269 -826
17 -825
245 -824
822 -823
867 -822
194 -821
335 -820
80 -819
134 -818
14 -817
513 -816
38 -815
332 -814
246 -813
111 -812
255 -811
507 -810
695 -809
339 -808
851 -807
536 -806
895 -805
668 -804
474 -803
589 -802
243 -801
524 -800
384 -799
17 -798
65 -797
728 -796
566 -795
515 -794
787 -793
840 -792
115 -791
71 -790
297 -789
3 -788
898 -787
605 -786
44 -785
160 -784
457 -783
11 -782
766 -781
937 -780
216 -779
690 -778
393 -777
411 -776
176 -775
246 -774
635 -773
956 -772
598 -771
546 -770
791 -769
258 -768
105 -767
900 -766
560 -765
433 -764
309 -763
956 -762
14 -761
932 -760
929 -759
161 -758
212 -757
549 -756
721 -755
244 -754
468 -753
697 -752
230 -751
64 -750
16 -749
7 -748
341 -747
658 -746
284 -745
881 -744
704 -743
658 -742
616 -741
352 -740
857 -739
156 -738
260 -737
531 -736
450 -735
932 -734
670 -733
453 -732
256 -731
135 -730
195 -729
913 -728
193 -727
737 -726
655 -725
340 -724
577 -723
265 -722
254 -721
26 -720
962 -719
82 -718
755 -717
438 -716
510 -715
502 -714
281 -713
852 -712
886 -711
687 -710
1000 -709
666 -708
803 -707
636 -706
887 -705
149 -704
729 -703
378 -702
661 -701
420 -700
299 -699
627 -698
103 -697
253 -696
193 -695
628 -694
729 -693
139 -692
59 -691
915 -690
633 -689
473 -688
578 -687
866 -686
116 -685
663 -684
183 -683
925 -682
546 -681
511 -680
779 -679
660 -678
541 -677
562 -676
88 -675
721 -674
710 -673
14 -672
619 -671
845 -670
843 -669
580 -668
659 -667
970 -666
997 -665
934 -664
58 -663
771 -662
616 -661
794 -660
374 -659
413 -658
389 -657
929 -656
757 -655
723 -654
376 -653
810 -652
328 -651
162 -650
954 -649
108 -648
551 -647
18 -646
994 -645
578 -644
260 -643
238 -642
11 -641
933 -640
604 -639
548 -638
998 -637
377 -636
965 -635
98 -634
147 -633
316 -632
387 -631
178 -630
362 -629
155 -628
246 -627
636 -626
101 -625
28 -624
474 -623
929 -622
280 -621
486 -620
446 -619
962 -618
170 -617
353 -616
92 -615
216 -614
844 -613
54 -612
506 -611
809 -610
370 -609
596 -608
668 -607
261 -606
500 -605
102 -604
465 -603
917 -602
184 -601
111 -600
41 -599
764 -598
865 -597
407 -596
260 -595
353 -594
76 -593
997 -592
80 -591
656 -590
176 -589
919 -588
52 -587
136 -586
81 -585
766 -584
198 -583
602 -582
718 -581
624 -580
379 -579
707 -578
744 -577
475 -576
712 -575
664 -574
426 -573
356 -572
5 -571
287 -570
152 -569
100 -568
408 -567
682 -566
533 -565
150 -564
208 -563
66 -562
350 -561
68 -560
711 -559
416 -558
648 -557
713 -556
531 -555
324 -554
902 -553
656 -552
578 -551
383 -550
900 -549
503 -548
634 -547
319 -546
813 -545
800 -544
278 -543
922 -542
879 -541
85 -540
268 -539
569 -538
64 -537
342 -536
838 -535
351 -534
764 -533
885 -532
2 -531
506 -530
92 -529
8 -528
24 -527
93 -526
67 -525
297 -524
49 -523
854 -522
348 -521
491 -520
869 -519
126 -518
446 -517
635 -516
968 -515
453 -514
316 -513
629 -512
608 -511
10 -510
299 -509
576 -508
712 -507
867 -506
783 -505
274 -504
129 -503
320 -502
894 -501
683 -500
757 -499
428 -498
593 -497
779 -496
910 -495
16 -494
224 -493
310 -492
17 -491
40 -490
882 -489
463 -488
792 -487
35 -486
142 -485
336 -484
137 -483
304 -482
489 -481
843 -480
714 -479
907 -478
982 -477
30 -476
317 -475
752 -474
1000 -473
671 -472
415 -471
785 -470
766 -469
423 -468
893 -467
691 -466
747 -465
210 -464
297 -463
793 -462
829 -461
636 -460
686 -459
434 -458
72 -457
638 -456
73 -455
243 -454
416 -453
587 -452
389 -451
628 -450
434 -449
180 -448
583 -447
513 -446
257 -445
317 -444
117 -443
897 -442
227 -441
388 -440
549 -439
138 -438
244 -437
325 -436
757 -435
755 -434
443 -433
817 -432
274 -431
268 -430
374 -429
127 -428
444 -427
932 -426
401 -425
334 -424
898 -423
493 -422
342 -421
19 -420
397 -419
661 -418
745 -417
384 -416
831 -415
757 -414
735 -413
883 -412
395 -411
998 -410
643 -409
42 -408
640 -407
570 -406
544 -405
866 -404
806 -403
421 -402
298 -401
162 -400
640 -399
766 -398
82 -397
999 -396
835 -395
341 -394
706 -393
339 -392
347 -391
468 -390
300 -389
599 -388
295 -387
166 -386
64 -385
577 -384
496 -383
313 -382
548 -381
669 -380
808 -379
418 -378
279 -377
755 -376
726 -375
5 -374
960 -373
329 -372
379 -371
992 -370
518 -369
890 -368
293 -367
950 -366
885 -365
557 -364
346 -363
478 -362
819 -361
353 -360
916 -359
975 -358
814 -357
705 -356
609 -355
738 -354
506 -353
317 -352
878 -351
721 -350
306 -349
399 -348
425 -347
53 -346
578 -345
278 -344
280 -343
924 -342
419 -341
841 -340
820 -339
489 -338
682 -337
971 -336
350 -335
138 -334
290 -333
935 -332
316 -331
316 -330
606 -329
58 -328
543 -327
898 -326
894 -325
400 -324
482 -323
767 -322
297 -321
106 -320
709 -319
975 -318
973 -317
758 -316
636 -315
365 -314
828 -313
310 -312
958 -311
338 -310
84 -309
125 -308
536 -307
654 -306
177 -305
414 -304
301 -303
82 -302
452 -301
509 -300
795 -299
656 -298
940 -297
715 -296
863 -295
491 -294
220 -293
495 -292
833 -291
577 -290
389 -289
261 -288
835 -287
607 -286
300 -285
819 -284
964 -283
593 -282
886 -281
187 -280
794 -279
595 -278
970 -277
820 -276
425 -275
498 -274
671 -273
718 -272
563 -271
815 -270
18 -269
881 -268
540 -267
117 -266
947 -265
392 -264
597 -263
683 -262
351 -261
581 -260
138 -259
13 -258
660 -257
694 -256
768 -255
538 -254
147 -253
588 -252
708 -251
911 -250
353 -249
395 -248
378 -247
16 -246
472 -245
321 -244
941 -243
660 -242
173 -241
626 -240
260 -239
358 -238
457 -237
675 -236
395 -235
719 -234
17 -233
8 -232
678 -231
743 -230
342 -229
185 -228
835 -227
751 -226
276 -225
166 -224
77 -223
79 -222
675 -221
916 -220
859 -219
362 -218
960 -217
721 -216
798 -215
368 -214
154 -213
498 -212
132 -211
840 -210
194 -209
193 -208
681 -207
942 -206
494 -205
814 -204
263 -203
324 -202
339 -201
792 -200
254 -199
927 -198
973 -197
950 -196
845 -195
654 -194
455 -193
698 -192
777 -191
884 -190
114 -189
421 -188
46 -187
383 -186
690 -185
533 -184
659 -183
569 -182
839 -181
34 -180
605 -179
143 -178
539 -177
846 -176
537 -175
207 -174
33 -173
267 -172
120 -171
360 -170
645 -169
609 -168
572 -167
587 -166
608 -165
595 -164
498 -163
447 -162
141 -161
206 -160
990 -159
163 -158
72 -157
786 -156
600 -155
963 -154
282 -153
158 -152
834 -151
289 -150
492 -149
62 -148
8 -147
209 -146
300 -145
594 -144
441 -143
606 -142
150 -141
57 -140
162 -139
856 -138
194 -137
271 -136
463 -135
949 -134
839 -133
36 -132
835 -131
571 -130
969 -129
149 -128
637 -127
715 -126
526 -125
389 -124
298 -123
212 -122
960 -121
