1000 300
408 -17
943 -93
4 706
172 -343
472 -812
888 -669
507 -655
117 -324
209 -639
370 142
608 192
521 852
460 -269
93 56
821 -671
141 -240
190 574
608 79
681 295
742 123
954 91
194 -854
759 -807
639 593
901 147
877 740
492 216
498 985
884 -202
229 -982
261 -887
166 255
464 893
50 -63
664 -344
276 -957
985 -766
135 381
83 136
143 -135
706 297
442 -267
251 -774
838 80
914 928
680 -733
668 -934
572 -589
981 -517
912 -703
687 346
94 450
951 421
438 -87
143 -900
480 872
774 -443
884 -425
31 330
59 546
918 349
804 -446
43 -204
640 -2
150 3
470 -440
395 -723
520 605
667 570
435 324
939 481
812 517
735 -264
248 -20
146 -74
12 -812
44 463
714 912
66 -260
196 422
627 687
810 -4
225 -338
536 -775
471 -486
626 -62
441 -392
321 -113
961 -128
980 -782
131 887
178 -204
517 -923
968 336
895 -577
631 164
537 740
697 351
422 908
727 228
589 781
844 402
631 -943
620 -758
295 193
74 531
165 782
132 -422
803 -180
714 -101
466 -477
913 -266
637 -713
30 256
477 53
729 679
457 117
193 -833
848 659
42 7
820 93
56 -484
510 -222
566 -350
519 -151
165 -340
626 528
27 -151
827 -864
471 -206
815 870
628 734
102 855
505 483
362 135
891 923
346 -817
317 812
883 80
969 737
200 -746
95 511
417 387
238 935
339 -242
122 -24
67 492
892 374
35 -59
914 -356
102 222
203 642
154 -580
208 -259
409 -954
582 -208
402 247
809 -377
380 178
693 192
121 54
713 821
13 308
750 -738
874 587
566 -821
57 536
765 280
879 -5
189 -209
531 -18
988 -741
440 -793
892 -186
399 -110
576 36
115 -113
788 987
315 -304
414 -72
802 272
770 124
78 218
225 690
274 -120
861 633
673 -493
441 337
317 581
535 -80
435 383
208 -958
212 449
296 -597
205 32
88 -306
655 -546
33 -7
382 -234
222 -673
855 11
152 448
751 -971
405 341
331 -550
839 23
836 358
694 -465
295 -597
689 -824
341 881
9 240
257 780
884 -762
272 655
68 217
199 851
724 494
987 699
984 986
993 -133
932 409
287 -686
775 -432
186 232
978 887
468 -237
630 -408
241 730
898 -764
148 333
866 -346
760 335
541 782
782 454
503 727
652 -657
338 -269
78 770
170 748
820 424
60 -794
956 -855
492 -346
569 -411
600 -59
593 -366
53 531
184 -152
410 -656
603 849
25 -273
342 -666
357 368
224 -833
70 -842
729 159
399 256
338 9
380 -346
674 -169
240 -227
894 540
276 -548
565 822
302 -460
10 599
763 -582
593 -956
302 288
364 841
903 584
569 224
313 905
233 -603
305 868
354 -906
438 280
707 143
463 -237
38 -502
998 -380
426 213
884 918
429 845
313 -145
858 137
846 442
637 780
287 -215
576 805
881 -497
4 258
415 -955
718 -374
47 808
313 -715
106 211
772 -717
806 363
537 193
178 688
923 517
685 303
579 425
132 310
759 642
793 266
358 -91
193 -946
439 719
236 -634
433 841
287 67
78 -325
778 -406
600 -803
618 225
175 -549
721 663
378 -551
25 -493
588 -828
836 6
7 91
670 -353
570 -823
300 -746
165 -785
141 -425
994 130
561 413
403 -14
234 -365
512 697
225 842
623 -766
571 -719
491 188
732 427
44 -503
987 -746
142 -403
805 390
812 715
995 291
528 730
383 -988
293 918
730 37
730 400
972 -992
706 144
1 669
71 -644
480 483
747 -830
410 517
975 88
834 159
125 -256
49 -132
278 -339
488 818
396 -281
261 491
805 357
364 422
597 300
921 793
67 -787
311 632
286 614
797 113
216 -522
223 -127
74 -537
758 179
926 3
791 199
436 232
413 -790
627 -34
308 -654
500 140
12 589
762 -102
348 -773
151 283
403 949
583 27
679 -57
814 988
976 -69
631 -24
679 125
535 736
577 -204
418 -278
395 729
429 363
547 553
109 381
456 -112
141 -469
78 505
519 891
954 875
432 -486
217 -124
178 770
709 838
237 97
882 -378
112 -636
131 739
842 -849
398 230
12 -863
634 172
83 -198
911 -844
119 -959
403 417
27 -633
842 271
110 -518
175 98
442 918
507 -686
165 -88
159 131
751 -381
978 234
343 764
607 -291
548 -271
5 345
866 -350
890 920
282 -659
731 -857
354 -559
413 -875
727 -127
711 -477
393 875
749 -97
237 658
875 -89
150 77
619 350
853 -619
602 -944
33 -57
921 461
980 -122
489 15
932 -251
49 44
350 473
162 849
231 -379
522 -379
690 125
820 -709
189 631
799 164
554 173
251 748
131 335
330 591
335 219
936 -925
733 -712
420 -149
391 -519
438 -354
284 -158
796 537
566 34
790 335
587 -502
302 -720
314 -143
552 -45
833 -367
980 211
310 -829
430 -63
679 -567
903 440
194 -319
51 -425
80 458
442 832
658 -130
982 -192
619 608
454 665
477 30
927 -119
471 635
614 -789
351 63
320 -431
119 -217
478 1
201 -607
21 -438
261 -561
244 -159
786 844
617 938
550 918
302 468
598 579
262 -35
857 -768
638 -305
649 -715
235 169
677 908
652 -544
90 495
981 -596
985 -58
412 855
488 -86
522 976
244 880
341 858
400 -818
220 -216
509 -825
473 449
555 -801
903 -290
79 -352
179 -530
2 -22
623 749
315 -92
669 298
907 920
446 -991
143 -788
176 -826
217 -726
541 813
844 773
819 193
247 -887
300 588
637 -979
991 -117
490 286
702 923
677 696
668 821
397 -909
405 -281
830 86
817 -748
176 -993
142 990
479 -399
828 216
286 -252
876 -744
75 150
674 -797
909 193
550 -613
277 199
926 -707
611 674
36 816
992 33
586 -822
140 -415
461 90
402 752
924 673
938 332
126 -268
319 -948
96 -605
968 140
871 -258
988 666
68 764
120 109
424 -505
1000 -16
361 282
479 -299
670 -80
815 731
868 749
21 827
594 221
324 731
377 721
116 553
991 829
731 908
50 -528
187 -981
818 -453
549 -228
607 -481
319 716
127 -953
307 -154
446 -207
708 916
774 -84
302 91
208 180
998 566
631 -19
434 -329
630 341
540 965
895 145
335 -526
216 -483
495 -937
155 417
329 199
232 -642
412 -395
49 685
547 101
744 -594
15 -20
824 -284
926 690
19 -640
793 -233
346 -363
577 -578
118 132
103 698
942 -158
209 780
221 -725
72 797
949 -191
936 672
945 -705
607 148
122 740
102 -832
972 690
69 -604
898 54
638 836
72 438
270 364
529 781
767 950
875 241
892 -586
547 324
694 916
510 130
405 650
963 -786
576 384
728 235
969 406
491 -476
657 881
450 -519
239 -896
53 -823
722 -35
901 307
88 131
59 485
133 -236
431 -832
934 321
839 -136
483 151
311 441
340 -876
210 35
968 -736
378 -862
853 -427
87 433
143 -653
373 558
255 580
794 -35
322 -466
902 42
526 587
447 -671
897 -863
531 -702
463 -882
541 -180
589 -346
301 -542
894 543
268 929
963 722
211 308
333 636
710 -896
71 -486
132 -407
465 -130
897 -83
754 655
857 -55
86 287
235 922
843 892
948 904
105 359
944 -605
137 -340
995 1
982 38
341 15
811 -297
97 191
474 -381
735 -302
153 529
476 -539
201 876
436 387
26 764
256 992
872 -415
402 985
609 -303
862 -466
980 289
279 345
282 472
556 221
322 540
43 290
186 344
136 969
551 327
425 473
591 388
704 -706
44 477
393 -82
192 -675
810 -878
114 394
797 -593
167 -225
21 -512
968 804
720 -852
580 -935
839 787
78 524
636 373
416 886
55 23
875 -933
346 -299
989 423
383 -673
42 -858
909 -905
906 808
516 -272
513 -550
639 -160
811 -30
967 699
162 -131
781 -757
431 -120
52 -414
49 294
768 581
347 -979
606 622
742 406
888 -278
677 614
722 -800
391 -595
513 728
87 -816
537 -810
177 -309
261 223
579 -318
407 -188
568 -388
416 -357
797 -100
762 -966
424 -665
989 -467
833 -756
923 -369
315 -503
444 -921
996 -414
811 862
961 919
314 -879
127 287
144 -329
810 655
603 -281
408 159
398 821
75 729
722 536
371 759
956 -376
247 -650
506 122
844 -828
555 -251
580 -339
292 -286
945 -283
23 768
912 -665
40 -283
109 -169
939 93
662 -103
846 466
232 71
151 408
710 652
692 -577
432 945
836 928
733 -634
330 74
510 123
518 -62
510 -52
99 -889
240 772
710 292
833 -805
366 -330
634 611
342 573
981 -366
933 917
393 -491
861 -913
957 817
651 482
640 697
52 -174
186 225
81 641
639 -431
465 561
591 -9
200 219
813 -332
364 99
865 -910
588 989
501 512
797 880
101 -974
659 889
775 -793
116 -381
541 329
351 -55
889 -860
963 588
554 -946
345 -929
4 451
911 -158
866 -76
511 -45
395 -695
819 41
806 138
24 -118
615 -394
137 862
90 591
868 -835
927 914
799 210
74 -163
246 -891
185 -652
560 931
876 -395
512 -129
552 -779
140 -388
867 -948
468 238
747 -434
192 428
575 474
885 516
889 420
584 833
967 -235
421 -511
183 -589
113 16
213 -743
1 212
987 57
357 -992
849 -352
245 -878
585 328
162 -197
576 -246
592 -835
150 747
168 -428
510 135
888 900
838 -359
515 -165
19 -48
469 349
61 196
789 510
535 587
585 -111
694 426
654 730
439 8
423 -650
726 -882
566 -544
774 717
532 -88
17 366
81 -145
561 286
266 488
829 -875
121 -172
229 302
180 -279
198 648
922 317
89 -697
290 -52
868 513
767 579
761 967
829 333
378 -944
295 -52
239 -227
589 -28
180 -113
791 268
132 -338
70 427
275 350
395 932
617 -300
763 654
966 -514
507 305
874 -104
46 67
987 756
12 530
108 230
364 -40
634 -920
666 -968
969 322
516 759
367 -18
359 -380
808 -12
714 -870
987 -803
871 646
