68 213437
121 251
678 -919
864 -19
686 929
221 -727
207 -78
169 960
730 592
998 163
728 -248
164 -332
265 898
958 -943
151 -741
252 -68
532 -911
345 105
872 640
694 99
228 564
775 -586
695 -647
210 -897
488 553
198 838
657 -763
772 19
87 662
121 648
767 -106
130 395
566 -183
90 866
273 -568
896 -766
787 -457
675 354
7 521
190 -202
945 -719
47 992
115 -832
628 331
418 742
485 71
654 714
302 700
457 217
134 -533
930 1000
925 -690
333 729
994 931
63 980
116 -39
202 976
411 -856
227 -326
241 812
95 -634
603 -115
774 259
660 457
692 185
544 319
155 -826
586 470
492 298
