770 921161
391 785
963 768
968 97
708 890
232 319
603 695
648 282
669 265
855 131
873 173
743 479
204 297
524 748
340 671
275 57
229 689
429 909
366 162
813 144
701 33
196 521
518 279
763 442
865 582
315 259
579 583
878 408
73 297
123 784
794 54
120 474
142 753
538 946
681 442
235 457
746 187
576 614
283 39
139 234
700 205
506 524
84 874
6 686
140 648
509 901
536 207
794 134
159 779
954 953
947 758
305 305
146 557
192 252
880 173
973 947
417 945
74 928
3 907
663 944
744 662
478 741
939 492
472 686
202 192
97 259
955 350
105 77
342 791
247 132
847 420
794 848
971 266
678 965
570 572
684 204
473 443
548 587
704 85
989 403
822 278
307 839
335 995
583 600
943 478
247 335
327 62
250 657
409 533
171 62
284 9
320 163
220 351
920 858
66 341
783 141
663 161
220 469
943 762
47 852
946 14
971 265
357 554
315 791
585 147
90 489
428 51
972 802
966 715
22 533
531 629
57 287
853 683
917 178
940 255
302 271
494 294
764 612
139 887
700 361
583 526
389 511
725 507
840 308
595 589
545 718
586 55
858 496
295 961
268 354
746 642
16 129
759 85
422 152
58 226
893 622
385 513
20 441
860 457
276 299
40 794
785 588
58 813
771 537
45 906
24 941
854 871
167 843
621 908
10 947
508 534
520 1000
403 961
272 817
131 22
651 238
361 907
984 767
719 353
740 664
48 161
882 482
192 251
492 418
609 526
734 223
595 400
22 108
959 941
65 994
616 96
156 622
43 162
591 963
793 168
901 282
950 591
697 914
677 874
149 54
991 664
695 789
480 614
437 115
342 290
982 61
305 421
124 976
692 295
303 843
771 601
466 583
87 913
918 47
115 177
850 414
307 332
521 920
780 26
767 442
495 292
556 48
282 909
636 43
489 95
949 657
513 565
54 681
407 517
511 280
100 650
781 110
368 624
89 430
724 865
213 154
915 601
779 305
347 411
314 306
18 350
683 604
590 560
98 866
146 776
365 859
101 857
263 61
708 676
151 778
495 347
239 938
949 455
722 831
885 406
12 5
542 578
448 785
397 960
8 397
716 329
771 720
860 454
326 227
91 412
157 945
477 743
428 445
5 136
184 398
618 872
139 716
258 277
68 496
697 468
863 189
315 166
310 703
693 149
161 989
65 583
280 361
633 98
366 2
92 347
773 943
774 541
123 707
314 387
262 875
540 46
394 846
720 314
336 249
909 382
562 388
883 136
384 340
55 662
730 34
909 995
161 759
466 607
89 324
137 5
980 849
691 33
94 165
796 973
930 1
578 733
354 552
419 965
601 289
641 267
219 995
342 870
422 211
661 107
641 24
187 855
678 446
474 102
707 471
885 301
31 799
81 312
111 991
84 79
198 987
874 622
842 796
360 965
435 697
988 73
223 379
151 885
260 225
299 75
379 538
696 705
149 251
174 866
917 579
846 898
767 638
729 511
402 956
57 636
219 900
253 353
491 498
477 455
585 484
428 764
768 115
32 329
404 101
165 360
204 248
397 38
908 111
695 218
697 213
245 344
15 252
456 443
150 502
899 632
170 980
391 877
694 592
558 789
401 858
659 237
689 973
265 909
790 959
252 321
640 852
9 797
372 654
782 691
570 972
349 564
541 620
217 289
4 130
903 470
556 698
299 858
365 213
845 131
308 607
669 224
521 853
186 882
398 663
600 742
277 922
797 626
44 215
257 61
496 416
928 656
232 819
938 728
170 394
970 503
846 172
592 584
807 141
66 879
82 558
845 108
528 1000
764 74
303 614
584 144
869 835
523 602
406 821
499 976
618 453
767 796
624 755
252 433
285 123
679 924
175 391
632 359
707 529
666 533
8 595
791 964
64 203
796 99
487 618
628 719
175 777
894 396
176 774
687 614
875 157
479 802
629 840
49 587
693 894
196 478
660 214
650 759
543 215
151 25
11 253
357 70
955 485
609 239
97 626
413 435
114 574
496 505
325 813
793 559
3 662
172 905
375 542
529 929
500 837
332 382
804 530
157 416
953 527
758 582
501 971
504 350
32 821
26 485
490 782
560 884
266 860
526 391
188 477
968 823
498 643
554 571
998 586
227 13
957 825
954 718
117 90
435 184
223 852
904 217
936 451
770 210
328 264
574 686
861 937
70 406
93 587
468 904
768 763
487 560
905 654
304 806
455 299
761 471
207 622
307 797
74 479
261 992
591 518
755 754
903 484
32 964
363 759
34 492
475 685
914 800
567 69
900 101
849 837
947 454
379 740
628 45
947 877
189 955
807 235
738 122
409 232
351 422
939 95
978 46
467 178
606 55
251 579
759 68
142 268
561 602
862 493
749 100
644 599
49 173
3 636
911 879
7 540
691 979
538 400
558 163
951 958
955 118
258 831
522 491
201 936
872 813
703 472
802 673
974 600
623 503
339 290
243 834
913 682
651 779
32 265
260 535
98 141
542 76
659 192
322 658
693 581
194 74
344 497
399 620
13 943
498 344
2 111
249 185
453 719
636 273
834 416
952 816
577 123
297 717
945 617
106 220
974 76
245 526
565 595
865 585
15 342
498 572
327 226
941 550
393 458
371 520
577 25
231 883
849 660
653 574
453 857
597 960
389 455
912 806
615 640
213 536
499 32
92 326
76 235
243 97
213 204
471 6
579 286
95 79
468 392
373 9
99 938
252 643
361 957
897 551
303 34
79 438
58 547
482 703
103 848
165 180
248 704
467 663
812 12
682 62
497 517
192 654
534 651
858 104
393 589
985 356
213 767
819 726
814 980
338 254
455 746
1000 668
821 398
728 625
482 389
72 4
927 410
989 669
234 30
809 560
734 415
374 73
693 377
730 149
113 573
999 980
710 928
18 342
414 403
384 441
893 787
162 215
146 125
904 746
655 313
462 893
652 126
601 431
826 968
530 610
470 6
272 421
993 232
476 706
773 337
878 444
225 98
373 219
505 82
110 250
741 28
626 740
964 257
749 447
833 681
663 1
280 993
24 540
38 825
365 841
960 312
761 874
980 235
692 484
744 899
53 799
964 723
147 511
236 950
321 528
439 741
511 128
926 184
136 489
119 554
542 969
25 22
605 697
609 585
892 637
427 681
405 367
367 142
175 336
848 198
467 84
518 303
146 727
557 364
699 548
17 440
533 436
856 780
986 69
885 138
706 656
187 314
438 187
648 242
232 891
729 55
789 567
604 719
236 300
856 263
257 629
485 493
48 308
666 893
342 16
565 595
853 161
383 682
684 293
151 688
327 640
182 927
85 512
319 348
386 328
15 407
75 999
882 53
643 493
397 378
864 137
847 535
932 124
558 308
263 723
738 132
753 962
110 340
2 990
590 416
993 770
884 289
432 680
175 591
925 822
35 215
233 386
208 418
314 262
609 848
218 804
380 406
23 380
397 64
508 73
972 788
772 213
317 169
356 180
677 176
791 839
647 737
37 343
845 987
491 131
165 838
374 102
